,time,19,580,1572,558,42,536,20,581,1573,559,43,537,21,582,560,1574,44,22,605,538,0,583,45,561,1575,23
0,0,2.0145514011383057,2.1397769451141357,4.9913129806518555,0.0,0.0,0.0,0.0,0.0,0.0,0.0,0.0,0.0,0.0,0.0,0.0,0.0,0.0,0.0,0.0,0.0,0.0,0.0,0.0,0.0,0.0,0.0
1,1,2.0245864391326904,2.121709108352661,4.983836650848389,0.0,0.0,0.0,0.0,0.0,0.0,0.0,0.0,0.0,0.0,0.0,0.0,0.0,0.0,0.0,0.0,0.0,0.0,0.0,0.0,0.0,0.0,0.0
2,2,2.034130573272705,2.103731632232666,4.976191520690918,0.0,0.0,0.0,0.0,0.0,0.0,0.0,0.0,0.0,0.0,0.0,0.0,0.0,0.0,0.0,0.0,0.0,0.0,0.0,0.0,0.0,0.0,0.0
3,3,2.043217658996582,2.085855484008789,4.968372344970703,0.0,0.0,0.0,0.0,0.0,0.0,0.0,0.0,0.0,0.0,0.0,0.0,0.0,0.0,0.0,0.0,0.0,0.0,0.0,0.0,0.0,0.0,0.0
4,4,2.0518782138824463,2.0680911540985107,4.9603753089904785,3.892343521118164,0.0,0.0,0.0,0.0,0.0,0.0,0.0,0.0,0.0,0.0,0.0,0.0,0.0,0.0,0.0,0.0,0.0,0.0,0.0,0.0,0.0,0.0
5,5,2.060140609741211,2.0504488945007324,4.952194690704346,3.8925681114196777,0.0,0.0,0.0,0.0,0.0,0.0,0.0,0.0,0.0,0.0,0.0,0.0,0.0,0.0,0.0,0.0,0.0,0.0,0.0,0.0,0.0,0.0
6,6,2.068030834197998,2.032938003540039,4.9438252449035645,3.8927972316741943,0.0,0.0,0.0,0.0,0.0,0.0,0.0,0.0,0.0,0.0,0.0,0.0,0.0,0.0,0.0,0.0,0.0,0.0,0.0,0.0,0.0,0.0
7,7,2.0755727291107178,2.0155680179595947,4.9352617263793945,3.893031358718872,0.0,0.0,0.0,0.0,0.0,0.0,0.0,0.0,0.0,0.0,0.0,0.0,0.0,0.0,0.0,0.0,0.0,0.0,0.0,0.0,0.0,0.0
8,8,2.0827879905700684,1.998347520828247,4.9264984130859375,3.893270254135132,0.0,0.0,0.0,0.0,0.0,0.0,0.0,0.0,0.0,0.0,0.0,0.0,0.0,0.0,0.0,0.0,0.0,0.0,0.0,0.0,0.0,0.0
9,9,2.0896968841552734,1.9812846183776855,4.917530059814453,3.8935141563415527,0.0,0.0,0.0,0.0,0.0,0.0,0.0,0.0,0.0,0.0,0.0,0.0,0.0,0.0,0.0,0.0,0.0,0.0,0.0,0.0,0.0,0.0
10,10,2.096318244934082,1.9643869400024414,4.908350467681885,3.893763542175293,0.0,0.0,0.0,0.0,0.0,0.0,0.0,0.0,0.0,0.0,0.0,0.0,0.0,0.0,0.0,0.0,0.0,0.0,0.0,0.0,0.0,0.0
11,11,2.1026690006256104,1.9476617574691772,4.898953914642334,3.8940186500549316,0.0,0.0,0.0,0.0,0.0,0.0,0.0,0.0,0.0,0.0,0.0,0.0,0.0,0.0,0.0,0.0,0.0,0.0,0.0,0.0,0.0,0.0
12,12,2.108765125274658,1.9311156272888184,4.889334201812744,3.8942792415618896,0.0,0.0,0.0,0.0,0.0,0.0,0.0,0.0,0.0,0.0,0.0,0.0,0.0,0.0,0.0,0.0,0.0,0.0,0.0,0.0,0.0,0.0
13,13,2.114621162414551,1.9147546291351318,4.879485607147217,3.894545793533325,0.0,0.0,0.0,0.0,0.0,0.0,0.0,0.0,0.0,0.0,0.0,0.0,0.0,0.0,0.0,0.0,0.0,0.0,0.0,0.0,0.0,0.0
14,14,2.120250940322876,1.8985843658447266,4.869401931762695,3.8948187828063965,0.0,0.0,0.0,0.0,0.0,0.0,0.0,0.0,0.0,0.0,0.0,0.0,0.0,0.0,0.0,0.0,0.0,0.0,0.0,0.0,0.0,0.0
15,15,2.125666856765747,1.8826098442077637,4.859076023101807,3.8950979709625244,0.0,0.0,0.0,0.0,0.0,0.0,0.0,0.0,0.0,0.0,0.0,0.0,0.0,0.0,0.0,0.0,0.0,0.0,0.0,0.0,0.0,0.0
16,16,2.1308810710906982,1.8668354749679565,4.848502159118652,3.8953840732574463,0.0,0.0,0.0,0.0,0.0,0.0,0.0,0.0,0.0,0.0,0.0,0.0,0.0,0.0,0.0,0.0,0.0,0.0,0.0,0.0,0.0,0.0
17,17,2.135903835296631,1.85126531124115,4.837673187255859,3.895677089691162,0.0,0.0,0.0,0.0,0.0,0.0,0.0,0.0,0.0,0.0,0.0,0.0,0.0,0.0,0.0,0.0,0.0,0.0,0.0,0.0,0.0,0.0
18,18,2.1407458782196045,1.8359028100967407,4.826582908630371,3.895977258682251,0.0,0.0,0.0,0.0,0.0,0.0,0.0,0.0,0.0,0.0,0.0,0.0,0.0,0.0,0.0,0.0,0.0,0.0,0.0,0.0,0.0,0.0
19,19,2.145416498184204,1.8207510709762573,4.8152241706848145,3.89628529548645,0.0,0.0,0.0,0.0,0.0,0.0,0.0,0.0,0.0,0.0,0.0,0.0,0.0,0.0,0.0,0.0,0.0,0.0,0.0,0.0,0.0,0.0
20,20,2.1499242782592773,1.8058124780654907,4.803590774536133,3.8966012001037598,0.0,0.0,0.0,0.0,0.0,0.0,0.0,0.0,0.0,0.0,0.0,0.0,0.0,0.0,0.0,0.0,0.0,0.0,0.0,0.0,0.0,0.0
21,21,2.154278039932251,1.7910892963409424,4.791675567626953,3.896925210952759,0.0,0.0,0.0,0.0,0.0,0.0,0.0,0.0,0.0,0.0,0.0,0.0,0.0,0.0,0.0,0.0,0.0,0.0,0.0,0.0,0.0,0.0
22,22,2.158484935760498,1.7765830755233765,4.7794718742370605,3.8972580432891846,0.0,0.0,0.0,0.0,0.0,0.0,0.0,0.0,0.0,0.0,0.0,0.0,0.0,0.0,0.0,0.0,0.0,0.0,0.0,0.0,0.0,0.0
23,23,2.1625523567199707,1.7622950077056885,4.766972541809082,3.897599935531616,0.0,0.0,0.0,0.0,0.0,0.0,0.0,0.0,0.0,0.0,0.0,0.0,0.0,0.0,0.0,0.0,0.0,0.0,0.0,0.0,0.0,0.0
24,24,2.166486978530884,1.7482259273529053,4.754171371459961,3.897951364517212,0.0,0.0,0.0,0.0,0.0,0.0,0.0,0.0,0.0,0.0,0.0,0.0,0.0,0.0,0.0,0.0,0.0,0.0,0.0,0.0,0.0,0.0
25,25,2.170295476913452,1.7343765497207642,4.741061210632324,3.898312568664551,0.0,0.0,0.0,0.0,0.0,0.0,0.0,0.0,0.0,0.0,0.0,0.0,0.0,0.0,0.0,0.0,0.0,0.0,0.0,0.0,0.0,0.0
26,26,2.173983573913574,1.720746636390686,4.727635860443115,3.89868426322937,0.0,0.0,0.0,0.0,0.0,0.0,0.0,0.0,0.0,0.0,0.0,0.0,0.0,0.0,0.0,0.0,0.0,0.0,0.0,0.0,0.0,0.0
27,27,2.1775567531585693,1.707336187362671,4.713888168334961,3.899066686630249,0.0,0.0,0.0,0.0,0.0,0.0,0.0,0.0,0.0,0.0,0.0,0.0,0.0,0.0,0.0,0.0,0.0,0.0,0.0,0.0,0.0,0.0
28,28,2.1810202598571777,1.6941447257995605,4.699812412261963,3.899460554122925,0.0,0.0,0.0,0.0,0.0,0.0,0.0,0.0,0.0,0.0,0.0,0.0,0.0,0.0,0.0,0.0,0.0,0.0,0.0,0.0,0.0,0.0
29,29,2.1843793392181396,1.681171178817749,4.685402870178223,3.8998665809631348,0.0,0.0,0.0,0.0,0.0,0.0,0.0,0.0,0.0,0.0,0.0,0.0,0.0,0.0,0.0,0.0,0.0,0.0,0.0,0.0,0.0,0.0
30,30,2.187638521194458,1.668414831161499,4.670652866363525,3.900285243988037,0.0,0.0,0.0,0.0,0.0,0.0,0.0,0.0,0.0,0.0,0.0,0.0,0.0,0.0,0.0,0.0,0.0,0.0,0.0,0.0,0.0,0.0
31,31,2.1908018589019775,1.6558740139007568,4.655557632446289,3.90071702003479,0.0,0.0,0.0,0.0,0.0,0.0,0.0,0.0,0.0,0.0,0.0,0.0,0.0,0.0,0.0,0.0,0.0,0.0,0.0,0.0,0.0,0.0
32,32,2.193873882293701,1.6435474157333374,4.640111446380615,3.90116286277771,0.0,0.0,0.0,0.0,0.0,0.0,0.0,0.0,0.0,0.0,0.0,0.0,0.0,0.0,0.0,0.0,0.0,0.0,0.0,0.0,0.0,0.0
33,33,2.1968584060668945,1.631433129310608,4.624310493469238,3.901623487472534,0.0,0.0,0.0,0.0,0.0,0.0,0.0,0.0,0.0,0.0,0.0,0.0,0.0,0.0,0.0,0.0,0.0,0.0,0.0,0.0,0.0,0.0
34,34,2.199759006500244,1.6195292472839355,4.608149528503418,3.902099370956421,0.0,0.0,0.0,0.0,0.0,0.0,0.0,0.0,0.0,0.0,0.0,0.0,0.0,0.0,0.0,0.0,0.0,0.0,0.0,0.0,0.0,0.0
35,35,2.2025794982910156,1.6078336238861084,4.591625690460205,3.9025919437408447,0.0,0.0,0.0,0.0,0.0,0.0,0.0,0.0,0.0,0.0,0.0,0.0,0.0,0.0,0.0,0.0,0.0,0.0,0.0,0.0,0.0,0.0
36,36,2.205322504043579,1.5963441133499146,4.574735641479492,3.9031014442443848,0.0,0.0,0.0,0.0,0.0,0.0,0.0,0.0,0.0,0.0,0.0,0.0,0.0,0.0,0.0,0.0,0.0,0.0,0.0,0.0,0.0,0.0
37,37,2.2079918384552,1.5850580930709839,4.5574774742126465,3.9036295413970947,0.0,0.0,0.0,0.0,0.0,0.0,0.0,0.0,0.0,0.0,0.0,0.0,0.0,0.0,0.0,0.0,0.0,0.0,0.0,0.0,0.0,0.0
38,38,2.210590124130249,1.5739731788635254,4.539849281311035,3.904176950454712,0.0,0.0,0.0,0.0,0.0,0.0,0.0,0.0,0.0,0.0,0.0,0.0,0.0,0.0,0.0,0.0,0.0,0.0,0.0,0.0,0.0,0.0
39,39,2.213120222091675,1.5630866289138794,4.5218505859375,3.904745101928711,0.0,0.0,0.0,0.0,0.0,0.0,0.0,0.0,0.0,0.0,0.0,0.0,0.0,0.0,0.0,0.0,0.0,0.0,0.0,0.0,0.0,0.0
40,40,2.2155847549438477,1.5523957014083862,4.503481388092041,3.905334949493408,0.0,0.0,0.0,0.0,0.0,0.0,0.0,0.0,0.0,0.0,0.0,0.0,0.0,0.0,0.0,0.0,0.0,0.0,0.0,0.0,0.0,0.0
41,41,2.2179861068725586,1.5418976545333862,4.484743595123291,3.9059479236602783,0.0,0.0,0.0,0.0,0.0,0.0,0.0,0.0,0.0,0.0,0.0,0.0,0.0,0.0,0.0,0.0,0.0,0.0,0.0,0.0,0.0,0.0
42,42,2.220327138900757,1.531589388847351,4.465639114379883,3.906585454940796,0.0,0.0,0.0,0.0,0.0,0.0,0.0,0.0,0.0,0.0,0.0,0.0,0.0,0.0,0.0,0.0,0.0,0.0,0.0,0.0,0.0,0.0
43,43,2.222609758377075,1.5214682817459106,4.446171283721924,3.9072494506835938,0.0,0.0,0.0,0.0,0.0,0.0,0.0,0.0,0.0,0.0,0.0,0.0,0.0,0.0,0.0,0.0,0.0,0.0,0.0,0.0,0.0,0.0
44,44,2.2248361110687256,1.5115309953689575,4.4263458251953125,3.9079415798187256,0.0,0.0,0.0,0.0,0.0,0.0,0.0,0.0,0.0,0.0,0.0,0.0,0.0,0.0,0.0,0.0,0.0,0.0,0.0,0.0,0.0,0.0
45,45,2.22700834274292,1.501774787902832,4.406167984008789,3.908663511276245,0.0,0.0,0.0,0.0,0.0,0.0,0.0,0.0,0.0,0.0,0.0,0.0,0.0,0.0,0.0,0.0,0.0,0.0,0.0,0.0,0.0,0.0
46,46,2.22912859916687,1.4921963214874268,4.385645389556885,3.9094176292419434,0.0,0.0,0.0,0.0,0.0,0.0,0.0,0.0,0.0,0.0,0.0,0.0,0.0,0.0,0.0,0.0,0.0,0.0,0.0,0.0,0.0,0.0
47,47,2.23119854927063,1.482792615890503,4.3647871017456055,3.9102060794830322,0.0,0.0,0.0,0.0,0.0,0.0,0.0,0.0,0.0,0.0,0.0,0.0,0.0,0.0,0.0,0.0,0.0,0.0,0.0,0.0,0.0,0.0
48,48,2.233219861984253,1.4735605716705322,4.343603134155273,3.9110312461853027,0.0,0.0,0.0,0.0,0.0,0.0,0.0,0.0,0.0,0.0,0.0,0.0,0.0,0.0,0.0,0.0,0.0,0.0,0.0,0.0,0.0,0.0
49,49,2.235194444656372,1.4644972085952759,4.322105884552002,3.911896228790283,0.0,0.0,0.0,0.0,0.0,0.0,0.0,0.0,0.0,0.0,0.0,0.0,0.0,0.0,0.0,0.0,0.0,0.0,0.0,0.0,0.0,0.0
50,50,2.237123966217041,1.4555991888046265,4.3003082275390625,3.912804126739502,0.0,0.0,0.0,0.0,0.0,0.0,0.0,0.0,0.0,0.0,0.0,0.0,0.0,0.0,0.0,0.0,0.0,0.0,0.0,0.0,0.0,0.0
51,51,2.2390098571777344,1.4468635320663452,4.278225421905518,3.913757801055908,0.0,0.0,0.0,0.0,0.0,0.0,0.0,0.0,0.0,0.0,0.0,0.0,0.0,0.0,0.0,0.0,0.0,0.0,0.0,0.0,0.0,0.0
52,52,0.0,1.4382871389389038,4.255873203277588,3.914761543273926,0.0,0.0,0.0,0.0,0.0,0.0,0.0,0.0,0.0,0.0,0.0,0.0,0.0,0.0,0.0,0.0,0.0,0.0,0.0,0.0,0.0,0.0
53,53,0.0,1.429866909980774,4.233270168304443,3.9158194065093994,0.0,0.0,0.0,0.0,0.0,0.0,0.0,0.0,0.0,0.0,0.0,0.0,0.0,0.0,0.0,0.0,0.0,0.0,0.0,0.0,0.0,0.0
54,54,0.0,1.4215998649597168,4.210435390472412,3.916936159133911,0.0,0.0,0.0,0.0,0.0,0.0,0.0,0.0,0.0,0.0,0.0,0.0,0.0,0.0,0.0,0.0,0.0,0.0,0.0,0.0,0.0,0.0
55,55,0.0,1.4134830236434937,4.187388896942139,3.918116569519043,0.0,0.0,0.0,0.0,0.0,0.0,0.0,0.0,0.0,0.0,0.0,0.0,0.0,0.0,0.0,0.0,0.0,0.0,0.0,0.0,0.0,0.0
56,56,0.0,1.4055131673812866,4.164153575897217,3.9193668365478516,0.0,0.0,0.0,0.0,0.0,0.0,0.0,0.0,0.0,0.0,0.0,0.0,0.0,0.0,0.0,0.0,0.0,0.0,0.0,0.0,0.0,0.0
57,57,0.0,1.397687554359436,4.140751838684082,3.9206933975219727,0.0,0.0,0.0,0.0,0.0,0.0,0.0,0.0,0.0,0.0,0.0,0.0,0.0,0.0,0.0,0.0,0.0,0.0,0.0,0.0,0.0,0.0
58,58,0.0,1.3900032043457031,4.117208003997803,3.9221038818359375,0.0,0.0,0.0,0.0,0.0,0.0,0.0,0.0,0.0,0.0,0.0,0.0,0.0,0.0,0.0,0.0,0.0,0.0,0.0,0.0,0.0,0.0
59,59,0.0,1.3824571371078491,4.093547344207764,3.9236066341400146,0.0,0.0,0.0,0.0,0.0,0.0,0.0,0.0,0.0,0.0,0.0,0.0,0.0,0.0,0.0,0.0,0.0,0.0,0.0,0.0,0.0,0.0
60,60,0.0,0.0,4.06979513168335,3.925211191177368,0.0,0.0,0.0,0.0,0.0,0.0,0.0,0.0,0.0,0.0,0.0,0.0,0.0,0.0,0.0,0.0,0.0,0.0,0.0,0.0,0.0,0.0
61,61,0.0,0.0,4.045979022979736,3.9269285202026367,0.0,0.0,0.0,0.0,0.0,0.0,0.0,0.0,0.0,0.0,0.0,0.0,0.0,0.0,0.0,0.0,0.0,0.0,0.0,0.0,0.0,0.0
62,62,0.0,0.0,4.022124767303467,3.9287712574005127,0.0,0.0,0.0,0.0,0.0,0.0,0.0,0.0,0.0,0.0,0.0,0.0,0.0,0.0,0.0,0.0,0.0,0.0,0.0,0.0,0.0,0.0
63,63,0.0,0.0,3.9982597827911377,3.9307541847229004,0.0,0.0,0.0,0.0,0.0,0.0,0.0,0.0,0.0,0.0,0.0,0.0,0.0,0.0,0.0,0.0,0.0,0.0,0.0,0.0,0.0,0.0
64,64,0.0,0.0,3.974411725997925,3.932893991470337,0.0,0.0,0.0,0.0,0.0,0.0,0.0,0.0,0.0,0.0,0.0,0.0,0.0,0.0,0.0,0.0,0.0,0.0,0.0,0.0,0.0,0.0
65,65,0.0,0.0,3.9506072998046875,3.9352104663848877,0.0,0.0,0.0,0.0,0.0,0.0,0.0,0.0,0.0,0.0,0.0,0.0,0.0,0.0,0.0,0.0,0.0,0.0,0.0,0.0,0.0,0.0
66,66,0.0,0.0,3.9268736839294434,3.9377269744873047,0.0,0.0,0.0,0.0,0.0,0.0,0.0,0.0,0.0,0.0,0.0,0.0,0.0,0.0,0.0,0.0,0.0,0.0,0.0,0.0,0.0,0.0
67,67,0.0,0.0,3.9032368659973145,3.9404706954956055,0.0,0.0,0.0,0.0,0.0,0.0,0.0,0.0,0.0,0.0,0.0,0.0,0.0,0.0,0.0,0.0,0.0,0.0,0.0,0.0,0.0,0.0
68,68,0.0,0.0,3.879722833633423,3.943474769592285,0.0,0.0,0.0,0.0,0.0,0.0,0.0,0.0,0.0,0.0,0.0,0.0,0.0,0.0,0.0,0.0,0.0,0.0,0.0,0.0,0.0,0.0
69,69,0.0,0.0,3.856356382369995,3.9467782974243164,0.0,0.0,0.0,0.0,0.0,0.0,0.0,0.0,0.0,0.0,0.0,0.0,0.0,0.0,0.0,0.0,0.0,0.0,0.0,0.0,0.0,0.0
70,70,0.0,0.0,3.8331611156463623,3.9504289627075195,0.0,0.0,0.0,0.0,0.0,0.0,0.0,0.0,0.0,0.0,0.0,0.0,0.0,0.0,0.0,0.0,0.0,0.0,0.0,0.0,0.0,0.0
71,71,0.0,0.0,3.8101603984832764,3.9544851779937744,0.0,0.0,0.0,0.0,0.0,0.0,0.0,0.0,0.0,0.0,0.0,0.0,0.0,0.0,0.0,0.0,0.0,0.0,0.0,0.0,0.0,0.0
72,72,0.0,0.0,3.7873756885528564,3.9590189456939697,0.0,0.0,0.0,0.0,0.0,0.0,0.0,0.0,0.0,0.0,0.0,0.0,0.0,0.0,0.0,0.0,0.0,0.0,0.0,0.0,0.0,0.0
73,73,0.0,0.0,3.764827013015747,3.964120864868164,0.0,0.0,0.0,0.0,0.0,0.0,0.0,0.0,0.0,0.0,0.0,0.0,0.0,0.0,0.0,0.0,0.0,0.0,0.0,0.0,0.0,0.0
74,74,0.0,0.0,3.7425339221954346,3.969905376434326,6.188796043395996,0.0,0.0,0.0,0.0,0.0,0.0,0.0,0.0,0.0,0.0,0.0,0.0,0.0,0.0,0.0,0.0,0.0,0.0,0.0,0.0,0.0
75,75,0.0,0.0,3.720513343811035,3.976519823074341,6.196452617645264,0.0,0.0,0.0,0.0,0.0,0.0,0.0,0.0,0.0,0.0,0.0,0.0,0.0,0.0,0.0,0.0,0.0,0.0,0.0,0.0,0.0
76,76,0.0,0.0,3.698781728744507,3.9841578006744385,6.2042460441589355,0.0,0.0,0.0,0.0,0.0,0.0,0.0,0.0,0.0,0.0,0.0,0.0,0.0,0.0,0.0,0.0,0.0,0.0,0.0,0.0,0.0
77,77,0.0,0.0,3.6773533821105957,3.9930765628814697,6.212179183959961,0.0,0.0,0.0,0.0,0.0,0.0,0.0,0.0,0.0,0.0,0.0,0.0,0.0,0.0,0.0,0.0,0.0,0.0,0.0,0.0,0.0
78,78,0.0,0.0,3.6562414169311523,4.003628253936768,6.220255374908447,0.0,0.0,0.0,0.0,0.0,0.0,0.0,0.0,0.0,0.0,0.0,0.0,0.0,0.0,0.0,0.0,0.0,0.0,0.0,0.0,0.0
79,79,0.0,0.0,3.6354572772979736,4.016305923461914,6.2284770011901855,0.0,0.0,0.0,0.0,0.0,0.0,0.0,0.0,0.0,0.0,0.0,0.0,0.0,0.0,0.0,0.0,0.0,0.0,0.0,0.0,0.0
80,80,0.0,0.0,3.615010976791382,4.031820297241211,6.236846446990967,0.0,0.0,0.0,0.0,0.0,0.0,0.0,0.0,0.0,0.0,0.0,0.0,0.0,0.0,0.0,0.0,0.0,0.0,0.0,0.0,0.0
81,81,0.0,0.0,3.5949110984802246,4.0512375831604,6.245367527008057,0.0,0.0,0.0,0.0,0.0,0.0,0.0,0.0,0.0,0.0,0.0,0.0,0.0,0.0,0.0,0.0,0.0,0.0,0.0,0.0,0.0
82,82,0.0,0.0,3.575164794921875,4.0762248039245605,6.254043102264404,0.0,0.0,0.0,0.0,0.0,0.0,0.0,0.0,0.0,0.0,0.0,0.0,0.0,0.0,0.0,0.0,0.0,0.0,0.0,0.0,0.0
83,83,0.0,0.0,3.5557777881622314,4.109535217285156,6.262875556945801,0.0,0.0,0.0,0.0,0.0,0.0,0.0,0.0,0.0,0.0,0.0,0.0,0.0,0.0,0.0,0.0,0.0,0.0,0.0,0.0,0.0
84,84,0.0,0.0,3.536754846572876,4.156039714813232,6.2718682289123535,0.0,0.0,0.0,0.0,0.0,0.0,0.0,0.0,0.0,0.0,0.0,0.0,0.0,0.0,0.0,0.0,0.0,0.0,0.0,0.0,0.0
85,85,0.0,0.0,3.518098831176758,4.225127220153809,6.281023979187012,0.0,0.0,0.0,0.0,0.0,0.0,0.0,0.0,0.0,0.0,0.0,0.0,0.0,0.0,0.0,0.0,0.0,0.0,0.0,0.0,0.0
86,86,0.0,0.0,3.499812126159668,4.336997032165527,0.007160111330449581,0.0,0.0,0.0,0.0,0.0,0.0,0.0,0.0,0.0,0.0,0.0,0.0,0.0,0.0,0.0,0.0,0.0,0.0,0.0,0.0,0.0
87,87,0.0,0.0,3.481895685195923,4.540703773498535,0.016650769859552383,0.0,0.0,0.0,0.0,0.0,0.0,0.0,0.0,0.0,0.0,0.0,0.0,0.0,0.0,0.0,0.0,0.0,0.0,0.0,0.0,0.0
88,88,0.0,0.0,3.4643497467041016,4.955563068389893,0.026313375681638718,0.0,0.0,0.0,0.0,0.0,0.0,0.0,0.0,0.0,0.0,0.0,0.0,0.0,0.0,0.0,0.0,0.0,0.0,0.0,0.0,0.0
89,89,0.0,0.0,3.4471733570098877,5.65384578704834,0.03615085035562515,0.0,0.0,0.0,0.0,0.0,0.0,0.0,0.0,0.0,0.0,0.0,0.0,0.0,0.0,0.0,0.0,0.0,0.0,0.0,0.0,0.0
90,90,0.0,0.0,3.4303648471832275,6.211378574371338,0.04616609215736389,0.0,0.0,0.0,0.0,0.0,0.0,0.0,0.0,0.0,0.0,0.0,0.0,0.0,0.0,0.0,0.0,0.0,0.0,0.0,0.0,0.0
91,91,0.0,0.0,3.413921594619751,0.20591667294502258,0.056361984461545944,0.0,0.0,0.0,0.0,0.0,0.0,0.0,0.0,0.0,0.0,0.0,0.0,0.0,0.0,0.0,0.0,0.0,0.0,0.0,0.0,0.0
92,92,0.0,0.0,3.397840738296509,0.3497951328754425,0.06674133986234665,0.0,0.0,0.0,0.0,0.0,0.0,0.0,0.0,0.0,0.0,0.0,0.0,0.0,0.0,0.0,0.0,0.0,0.0,0.0,0.0,0.0
93,93,0.0,0.0,3.3821184635162354,0.4344351887702942,0.07730694860219955,0.0,0.0,0.0,0.0,0.0,0.0,0.0,0.0,0.0,0.0,0.0,0.0,0.0,0.0,0.0,0.0,0.0,0.0,0.0,0.0,0.0
94,94,0.0,0.0,3.3667502403259277,0.48944976925849915,0.08806150406599045,0.0,0.0,0.0,0.0,0.0,0.0,0.0,0.0,0.0,0.0,0.0,0.0,0.0,0.0,0.0,0.0,0.0,0.0,0.0,0.0,0.0
95,95,0.0,0.0,3.351731300354004,0.5278679728507996,0.09900764375925064,0.0,0.0,0.0,0.0,0.0,0.0,0.0,0.0,0.0,0.0,0.0,0.0,0.0,0.0,0.0,0.0,0.0,0.0,0.0,0.0,0.0
96,96,0.0,0.0,3.337056875228882,0.5561431050300598,0.11014793068170547,0.0,0.0,0.0,0.0,0.0,0.0,0.0,0.0,0.0,0.0,0.0,0.0,0.0,0.0,0.0,0.0,0.0,0.0,0.0,0.0,0.0
97,97,0.0,0.0,3.322721004486084,0.577795147895813,0.12148480862379074,0.0,0.0,0.0,0.0,0.0,0.0,0.0,0.0,0.0,0.0,0.0,0.0,0.0,0.0,0.0,0.0,0.0,0.0,0.0,0.0,0.0
98,98,0.0,0.0,3.308717966079712,0.5948950052261353,0.13302059471607208,0.0,0.0,0.0,0.0,0.0,0.0,0.0,0.0,0.0,0.0,0.0,0.0,0.0,0.0,0.0,0.0,0.0,0.0,0.0,0.0,0.0
99,99,0.0,0.0,3.295041561126709,0.6087363958358765,0.14475753903388977,0.0,0.0,0.0,0.0,0.0,0.0,0.0,0.0,0.0,0.0,0.0,0.0,0.0,0.0,0.0,0.0,0.0,0.0,0.0,0.0,0.0
100,100,0.0,0.0,3.2816853523254395,0.6201674342155457,0.15669767558574677,0.0,0.0,0.0,0.0,0.0,0.0,0.0,0.0,0.0,0.0,0.0,0.0,0.0,0.0,0.0,0.0,0.0,0.0,0.0,0.0,0.0
101,101,0.0,0.0,3.268643379211426,0.6297664642333984,0.16884294152259827,0.0,0.0,0.0,0.0,0.0,0.0,0.0,0.0,0.0,0.0,0.0,0.0,0.0,0.0,0.0,0.0,0.0,0.0,0.0,0.0,0.0
102,102,0.0,0.0,3.255908489227295,0.6379411220550537,0.18119506537914276,0.0,0.0,0.0,0.0,0.0,0.0,0.0,0.0,0.0,0.0,0.0,0.0,0.0,0.0,0.0,0.0,0.0,0.0,0.0,0.0,0.0
103,103,0.0,0.0,3.243474006652832,0.6449868679046631,0.1937555968761444,0.0,0.0,0.0,0.0,0.0,0.0,0.0,0.0,0.0,0.0,0.0,0.0,0.0,0.0,0.0,0.0,0.0,0.0,0.0,0.0,0.0
104,104,0.0,0.0,3.2313334941864014,0.6511228084564209,0.20652589201927185,0.0,0.0,0.0,0.0,0.0,0.0,0.0,0.0,0.0,0.0,0.0,0.0,0.0,0.0,0.0,0.0,0.0,0.0,0.0,0.0,0.0
105,105,0.0,0.0,3.21947979927063,0.6565150022506714,0.21950706839561462,0.0,0.0,0.0,0.0,0.0,0.0,0.0,0.0,0.0,0.0,0.0,0.0,0.0,0.0,0.0,0.0,0.0,0.0,0.0,0.0,0.0
106,106,0.0,0.0,3.2079062461853027,0.6612914800643921,0.23269999027252197,0.0,0.0,0.0,0.0,0.0,0.0,0.0,0.0,0.0,0.0,0.0,0.0,0.0,0.0,0.0,0.0,0.0,0.0,0.0,0.0,0.0
107,107,0.0,0.0,3.196606159210205,0.6655524969100952,0.24610526859760284,0.0,0.0,0.0,0.0,0.0,0.0,0.0,0.0,0.0,0.0,0.0,0.0,0.0,0.0,0.0,0.0,0.0,0.0,0.0,0.0,0.0
108,108,0.0,0.0,3.185572624206543,0.6693777441978455,0.2597232460975647,0.0,0.0,0.0,0.0,0.0,0.0,0.0,0.0,0.0,0.0,0.0,0.0,0.0,0.0,0.0,0.0,0.0,0.0,0.0,0.0,0.0
109,109,0.0,0.0,3.1747989654541016,0.6728312969207764,0.27355390787124634,0.0,0.0,0.0,0.0,0.0,0.0,0.0,0.0,0.0,0.0,0.0,0.0,0.0,0.0,0.0,0.0,0.0,0.0,0.0,0.0,0.0
110,110,0.0,0.0,3.164278745651245,0.6759652495384216,0.28759700059890747,0.0,0.0,0.0,0.0,0.0,0.0,0.0,0.0,0.0,0.0,0.0,0.0,0.0,0.0,0.0,0.0,0.0,0.0,0.0,0.0,0.0
111,111,0.0,0.0,3.1540050506591797,0.67882239818573,0.30185186862945557,0.0,0.0,0.0,0.0,0.0,0.0,0.0,0.0,0.0,0.0,0.0,0.0,0.0,0.0,0.0,0.0,0.0,0.0,0.0,0.0,0.0
112,112,0.0,0.0,3.1439714431762695,0.6814383268356323,0.31631752848625183,0.0,0.0,0.0,0.0,0.0,0.0,0.0,0.0,0.0,0.0,0.0,0.0,0.0,0.0,0.0,0.0,0.0,0.0,0.0,0.0,0.0
113,113,0.0,0.0,3.134171962738037,0.6838427186012268,0.33099260926246643,0.0,0.0,0.0,0.0,0.0,0.0,0.0,0.0,0.0,0.0,0.0,0.0,0.0,0.0,0.0,0.0,0.0,0.0,0.0,0.0,0.0
114,114,0.0,0.0,3.1246001720428467,0.6860604882240295,0.3458752930164337,0.0,0.0,0.0,0.0,0.0,0.0,0.0,0.0,0.0,0.0,0.0,0.0,0.0,0.0,0.0,0.0,0.0,0.0,0.0,0.0,0.0
115,115,0.0,0.0,3.1152496337890625,0.6881129741668701,0.3609634041786194,0.0,0.0,0.0,0.0,0.0,0.0,0.0,0.0,0.0,0.0,0.0,0.0,0.0,0.0,0.0,0.0,0.0,0.0,0.0,0.0,0.0
116,116,0.0,0.0,3.1061148643493652,0.6900182366371155,0.3762543499469757,0.0,0.0,0.0,0.0,0.0,0.0,0.0,0.0,0.0,0.0,0.0,0.0,0.0,0.0,0.0,0.0,0.0,0.0,0.0,0.0,0.0
117,117,0.0,0.0,3.0971896648406982,0.6917918920516968,0.39174503087997437,0.0,0.0,0.0,0.0,0.0,0.0,0.0,0.0,0.0,0.0,0.0,0.0,0.0,0.0,0.0,0.0,0.0,0.0,0.0,0.0,0.0
118,118,0.0,0.0,3.088468313217163,0.6934472918510437,0.4074319303035736,0.0,0.0,0.0,0.0,0.0,0.0,0.0,0.0,0.0,0.0,0.0,0.0,0.0,0.0,0.0,0.0,0.0,0.0,0.0,0.0,0.0
119,119,0.0,0.0,3.0799453258514404,0.6949962973594666,0.4233110249042511,0.0,0.0,0.0,0.0,0.0,0.0,0.0,0.0,0.0,0.0,0.0,0.0,0.0,0.0,0.0,0.0,0.0,0.0,0.0,0.0,0.0
120,120,0.0,0.0,3.071615219116211,0.6964489221572876,0.4393778443336487,0.0,0.0,0.0,0.0,0.0,0.0,0.0,0.0,0.0,0.0,0.0,0.0,0.0,0.0,0.0,0.0,0.0,0.0,0.0,0.0,0.0
121,121,0.0,0.0,3.0634725093841553,0.6978141665458679,0.4556274116039276,4.62104606628418,0.0,0.0,0.0,0.0,0.0,0.0,0.0,0.0,0.0,0.0,0.0,0.0,0.0,0.0,0.0,0.0,0.0,0.0,0.0,0.0
122,122,0.0,0.0,3.0555121898651123,0.6990999579429626,0.47205421328544617,4.6286187171936035,0.0,0.0,0.0,0.0,0.0,0.0,0.0,0.0,0.0,0.0,0.0,0.0,0.0,0.0,0.0,0.0,0.0,0.0,0.0,0.0
123,123,0.0,0.0,3.047729015350342,0.700313150882721,0.4886522889137268,4.636328220367432,0.0,0.0,0.0,0.0,0.0,0.0,0.0,0.0,0.0,0.0,0.0,0.0,0.0,0.0,0.0,0.0,0.0,0.0,0.0,0.0
124,124,0.0,0.0,3.0401182174682617,0.7014598846435547,0.5054152011871338,4.644176483154297,0.0,0.0,0.0,0.0,0.0,0.0,0.0,0.0,0.0,0.0,0.0,0.0,0.0,0.0,0.0,0.0,0.0,0.0,0.0,0.0
125,125,0.0,0.0,3.03267502784729,0.7025457620620728,0.5223358869552612,4.652167320251465,0.0,0.0,0.0,0.0,0.0,0.0,0.0,0.0,0.0,0.0,0.0,0.0,0.0,0.0,0.0,0.0,0.0,0.0,0.0,0.0
126,126,0.0,0.0,3.0253946781158447,0.703575611114502,0.539406955242157,4.660303115844727,0.0,0.0,0.0,0.0,0.0,0.0,0.0,0.0,0.0,0.0,0.0,0.0,0.0,0.0,0.0,0.0,0.0,0.0,0.0,0.0
127,127,0.0,0.0,3.018272638320923,0.7045538425445557,0.5566203594207764,4.668586730957031,0.0,0.0,0.0,0.0,0.0,0.0,0.0,0.0,0.0,0.0,0.0,0.0,0.0,0.0,0.0,0.0,0.0,0.0,0.0,0.0
128,128,0.0,0.0,3.0113046169281006,0.7054843306541443,0.5739678144454956,4.677021503448486,0.0,0.0,0.0,0.0,0.0,0.0,0.0,0.0,0.0,0.0,0.0,0.0,0.0,0.0,0.0,0.0,0.0,0.0,0.0,0.0
129,129,0.0,0.0,3.004486083984375,0.7063707113265991,0.5914404392242432,4.685609817504883,0.0,0.0,0.0,0.0,0.0,0.0,0.0,0.0,0.0,0.0,0.0,0.0,0.0,0.0,0.0,0.0,0.0,0.0,0.0,0.0
130,130,0.0,0.0,2.9978132247924805,0.7072161436080933,0.6090288162231445,4.694355487823486,0.0,0.0,0.0,0.0,0.0,0.0,0.0,0.0,0.0,0.0,0.0,0.0,0.0,0.0,0.0,0.0,0.0,0.0,0.0,0.0
131,131,0.0,0.0,2.991281747817993,0.7080234885215759,0.6267232894897461,4.703260898590088,0.0,0.0,0.0,0.0,0.0,0.0,0.0,0.0,0.0,0.0,0.0,0.0,0.0,0.0,0.0,0.0,0.0,0.0,0.0,0.0
132,132,0.0,0.0,2.9848880767822266,0.7087954878807068,0.6445137858390808,4.712329387664795,0.0,0.0,0.0,0.0,0.0,0.0,0.0,0.0,0.0,0.0,0.0,0.0,0.0,0.0,0.0,0.0,0.0,0.0,0.0,0.0
133,133,0.0,0.0,2.978628158569336,0.7095344662666321,0.662389874458313,4.721563816070557,0.0,0.0,0.0,0.0,0.0,0.0,0.0,0.0,0.0,0.0,0.0,0.0,0.0,0.0,0.0,0.0,0.0,0.0,0.0,0.0
134,134,0.0,0.0,2.9724984169006348,0.7102426290512085,0.6803407669067383,4.730967044830322,0.0,0.0,0.0,0.0,0.0,0.0,0.0,0.0,0.0,0.0,0.0,0.0,0.0,0.0,0.0,0.0,0.0,0.0,0.0,0.0
135,135,0.0,0.0,2.9664952754974365,0.7109220027923584,0.6983553767204285,4.740542888641357,0.0,0.0,0.0,0.0,0.0,0.0,0.0,0.0,0.0,0.0,0.0,0.0,0.0,0.0,0.0,0.0,0.0,0.0,0.0,0.0
136,136,0.0,0.0,2.960615396499634,0.7115743160247803,0.7164225578308105,4.750293254852295,0.0,0.0,0.0,0.0,0.0,0.0,0.0,0.0,0.0,0.0,0.0,0.0,0.0,0.0,0.0,0.0,0.0,0.0,0.0,0.0
137,137,0.0,0.0,0.0,0.7122013568878174,0.7345306873321533,4.760222434997559,0.0,0.0,0.0,0.0,0.0,0.0,0.0,0.0,0.0,0.0,0.0,0.0,0.0,0.0,0.0,0.0,0.0,0.0,0.0,0.0
138,138,0.0,0.0,0.0,0.7128046154975891,0.7526681423187256,4.770332336425781,0.0,0.0,0.0,0.0,0.0,0.0,0.0,0.0,0.0,0.0,0.0,0.0,0.0,0.0,0.0,0.0,0.0,0.0,0.0,0.0
139,139,0.0,0.0,0.0,0.7133855223655701,0.7708231806755066,4.78062629699707,0.0,0.0,0.0,0.0,0.0,0.0,0.0,0.0,0.0,0.0,0.0,0.0,0.0,0.0,0.0,0.0,0.0,0.0,0.0,0.0
140,140,0.0,0.0,0.0,0.7139454483985901,0.788983941078186,4.791107177734375,0.0,0.0,0.0,0.0,0.0,0.0,0.0,0.0,0.0,0.0,0.0,0.0,0.0,0.0,0.0,0.0,0.0,0.0,0.0,0.0
141,141,0.0,0.0,0.0,0.7144854664802551,0.8071386218070984,4.8017778396606445,0.0,0.0,0.0,0.0,0.0,0.0,0.0,0.0,0.0,0.0,0.0,0.0,0.0,0.0,0.0,0.0,0.0,0.0,0.0,0.0
142,142,0.0,0.0,0.0,0.7150067687034607,0.8252754211425781,4.812641143798828,0.0,0.0,0.0,0.0,0.0,0.0,0.0,0.0,0.0,0.0,0.0,0.0,0.0,0.0,0.0,0.0,0.0,0.0,0.0,0.0
143,143,0.0,0.0,0.0,0.7155104279518127,0.8433824181556702,4.823699951171875,0.0,0.0,0.0,0.0,0.0,0.0,0.0,0.0,0.0,0.0,0.0,0.0,0.0,0.0,0.0,0.0,0.0,0.0,0.0,0.0
144,144,0.0,0.0,0.0,0.7159973382949829,0.8614481687545776,4.834956169128418,0.0,0.0,0.0,0.0,0.0,0.0,0.0,0.0,0.0,0.0,0.0,0.0,0.0,0.0,0.0,0.0,0.0,0.0,0.0,0.0
145,145,0.0,0.0,0.0,0.7164683938026428,0.8794610500335693,4.8464131355285645,0.0,0.0,0.0,0.0,0.0,0.0,0.0,0.0,0.0,0.0,0.0,0.0,0.0,0.0,0.0,0.0,0.0,0.0,0.0,0.0
146,146,0.0,0.0,0.0,0.7169244885444641,0.8974097967147827,4.858072757720947,0.0,0.0,0.0,0.0,0.0,0.0,0.0,0.0,0.0,0.0,0.0,0.0,0.0,0.0,0.0,0.0,0.0,0.0,0.0,0.0
147,147,0.0,0.0,0.0,0.7173663377761841,0.9152834415435791,4.869937419891357,0.0,0.0,0.0,0.0,0.0,0.0,0.0,0.0,0.0,0.0,0.0,0.0,0.0,0.0,0.0,0.0,0.0,0.0,0.0,0.0
148,148,0.0,0.0,0.0,0.7177947163581848,0.9330711364746094,4.882009029388428,0.0,0.0,0.0,0.0,0.0,0.0,0.0,0.0,0.0,0.0,0.0,0.0,0.0,0.0,0.0,0.0,0.0,0.0,0.0,0.0
149,149,0.0,0.0,0.0,0.7182102203369141,0.9507625699043274,4.894289493560791,0.0,0.0,0.0,0.0,0.0,0.0,0.0,0.0,0.0,0.0,0.0,0.0,0.0,0.0,0.0,0.0,0.0,0.0,0.0,0.0
150,150,0.0,0.0,0.0,0.7186135649681091,0.9683475494384766,4.906781196594238,0.0,0.0,0.0,0.0,0.0,0.0,0.0,0.0,0.0,0.0,0.0,0.0,0.0,0.0,0.0,0.0,0.0,0.0,0.0,0.0
151,151,0.0,0.0,0.0,0.719005286693573,0.9858163595199585,4.919485092163086,0.0,0.0,0.0,0.0,0.0,0.0,0.0,0.0,0.0,0.0,0.0,0.0,0.0,0.0,0.0,0.0,0.0,0.0,0.0,0.0
152,152,0.0,0.0,0.0,0.7193859219551086,1.0031598806381226,4.932402610778809,5.562609672546387,0.0,0.0,0.0,0.0,0.0,0.0,0.0,0.0,0.0,0.0,0.0,0.0,0.0,0.0,0.0,0.0,0.0,0.0,0.0
153,153,0.0,0.0,0.0,0.719756007194519,1.020369052886963,4.945534706115723,5.56290340423584,0.0,0.0,0.0,0.0,0.0,0.0,0.0,0.0,0.0,0.0,0.0,0.0,0.0,0.0,0.0,0.0,0.0,0.0,0.0
154,154,0.0,0.0,0.0,0.7201160788536072,1.037435531616211,4.958882808685303,5.56320333480835,0.0,0.0,0.0,0.0,0.0,0.0,0.0,0.0,0.0,0.0,0.0,0.0,0.0,0.0,0.0,0.0,0.0,0.0,0.0
155,155,0.0,0.0,0.0,0.7204664945602417,1.0543514490127563,4.972446918487549,5.563509464263916,0.0,0.0,0.0,0.0,0.0,0.0,0.0,0.0,0.0,0.0,0.0,0.0,0.0,0.0,0.0,0.0,0.0,0.0,0.0
156,156,0.0,0.0,0.0,0.7208077907562256,1.0711092948913574,4.986227512359619,5.563821792602539,0.0,0.0,0.0,0.0,0.0,0.0,0.0,0.0,0.0,0.0,0.0,0.0,0.0,0.0,0.0,0.0,0.0,0.0,0.0
157,157,0.0,0.0,0.0,0.7211403250694275,1.0877020359039307,5.000224590301514,5.564140796661377,0.0,0.0,0.0,0.0,0.0,0.0,0.0,0.0,0.0,0.0,0.0,0.0,0.0,0.0,0.0,0.0,0.0,0.0,0.0
158,158,0.0,0.0,0.0,0.7214644551277161,1.1041233539581299,5.014437675476074,5.564466953277588,0.0,0.0,0.0,0.0,0.0,0.0,0.0,0.0,0.0,0.0,0.0,0.0,0.0,0.0,0.0,0.0,0.0,0.0,0.0
159,159,0.0,0.0,0.0,0.72178053855896,1.120367169380188,5.028866291046143,5.564800262451172,0.0,0.0,0.0,0.0,0.0,0.0,0.0,0.0,0.0,0.0,0.0,0.0,0.0,0.0,0.0,0.0,0.0,0.0,0.0
160,160,0.0,0.0,0.0,0.7220889329910278,1.1364281177520752,5.043509006500244,5.565140724182129,0.0,0.0,0.0,0.0,0.0,0.0,0.0,0.0,0.0,0.0,0.0,0.0,0.0,0.0,0.0,0.0,0.0,0.0,0.0
161,161,0.0,0.0,0.0,0.7223899960517883,1.1523011922836304,5.058363914489746,5.565489292144775,0.0,0.0,0.0,0.0,0.0,0.0,0.0,0.0,0.0,0.0,0.0,0.0,0.0,0.0,0.0,0.0,0.0,0.0,0.0
162,162,0.0,0.0,0.0,0.7226839661598206,1.167981743812561,5.073430061340332,5.565845489501953,0.0,0.0,0.0,0.0,0.0,0.0,0.0,0.0,0.0,0.0,0.0,0.0,0.0,0.0,0.0,0.0,0.0,0.0,0.0
163,163,0.0,0.0,0.0,0.7229711413383484,1.1834660768508911,5.088704586029053,5.566210746765137,0.0,0.0,0.0,0.0,0.0,0.0,0.0,0.0,0.0,0.0,0.0,0.0,0.0,0.0,0.0,0.0,0.0,0.0,0.0
164,164,0.0,0.0,0.0,0.7232518196105957,1.1987504959106445,5.104184627532959,5.56658411026001,0.0,0.0,0.0,0.0,0.0,0.0,0.0,0.0,0.0,0.0,0.0,0.0,0.0,0.0,0.0,0.0,0.0,0.0,0.0
165,165,0.0,0.0,0.0,0.7235262393951416,1.213831901550293,5.119866847991943,5.566967010498047,0.0,0.0,0.0,0.0,0.0,0.0,0.0,0.0,0.0,0.0,0.0,0.0,0.0,0.0,0.0,0.0,0.0,0.0,0.0
166,166,0.0,0.0,0.0,0.72379469871521,1.2287077903747559,5.13574743270874,5.567359447479248,0.0,0.0,0.0,0.0,0.0,0.0,0.0,0.0,0.0,0.0,0.0,0.0,0.0,0.0,0.0,0.0,0.0,0.0,0.0
167,167,0.0,0.0,0.0,0.7240573763847351,1.2433758974075317,5.151822566986084,5.567761421203613,0.0,0.0,0.0,0.0,0.0,0.0,0.0,0.0,0.0,0.0,0.0,0.0,0.0,0.0,0.0,0.0,0.0,0.0,0.0
168,168,0.0,0.0,0.0,0.7243144512176514,1.257834553718567,5.168087005615234,5.568173885345459,0.0,0.0,0.0,0.0,0.0,0.0,0.0,0.0,0.0,0.0,0.0,0.0,0.0,0.0,0.0,0.0,0.0,0.0,0.0
169,169,0.0,0.0,0.0,0.7245662212371826,1.2720823287963867,5.184535503387451,5.568596839904785,0.0,0.0,0.0,0.0,0.0,0.0,0.0,0.0,0.0,0.0,0.0,0.0,0.0,0.0,0.0,0.0,0.0,0.0,0.0
170,170,0.0,0.0,0.0,0.7248128056526184,1.2861181497573853,5.201162338256836,5.569031238555908,0.0,0.0,0.0,0.0,0.0,0.0,0.0,0.0,0.0,0.0,0.0,0.0,0.0,0.0,0.0,0.0,0.0,0.0,0.0
171,171,0.0,0.0,0.0,0.7250545024871826,1.2999415397644043,5.217961311340332,5.569477558135986,0.0,0.0,0.0,0.0,0.0,0.0,0.0,0.0,0.0,0.0,0.0,0.0,0.0,0.0,0.0,0.0,0.0,0.0,0.0
172,172,0.0,0.0,0.0,0.72529137134552,1.3135521411895752,5.234925746917725,5.5699357986450195,0.0,0.0,0.0,0.0,0.0,0.0,0.0,0.0,0.0,0.0,0.0,0.0,0.0,0.0,0.0,0.0,0.0,0.0,0.0
173,173,0.0,0.0,0.0,0.7255235910415649,1.3269500732421875,5.252048015594482,5.570406913757324,0.0,0.0,0.0,0.0,0.0,0.0,0.0,0.0,0.0,0.0,0.0,0.0,0.0,0.0,0.0,0.0,0.0,0.0,0.0
174,174,0.0,0.0,0.0,0.7257514595985413,1.3401355743408203,5.269320487976074,5.570891857147217,0.0,0.0,0.0,0.0,0.0,0.0,0.0,0.0,0.0,0.0,0.0,0.0,0.0,0.0,0.0,0.0,0.0,0.0,0.0
175,175,0.0,0.0,0.0,0.0,1.3531092405319214,5.286734580993652,5.571390628814697,0.0,0.0,0.0,0.0,0.0,0.0,0.0,0.0,0.0,0.0,0.0,0.0,0.0,0.0,0.0,0.0,0.0,0.0,0.0
176,176,0.0,0.0,0.0,0.0,1.3658719062805176,5.304281234741211,5.571904182434082,0.0,0.0,0.0,0.0,0.0,0.0,0.0,0.0,0.0,0.0,0.0,0.0,0.0,0.0,0.0,0.0,0.0,0.0,0.0
177,177,0.0,0.0,0.0,0.0,1.378424882888794,5.321951866149902,5.5724334716796875,0.0,0.0,0.0,0.0,0.0,0.0,0.0,0.0,0.0,0.0,0.0,0.0,0.0,0.0,0.0,0.0,0.0,0.0,0.0
178,178,0.0,0.0,0.0,0.0,1.3907694816589355,5.339736461639404,5.572978496551514,0.0,0.0,0.0,0.0,0.0,0.0,0.0,0.0,0.0,0.0,0.0,0.0,0.0,0.0,0.0,0.0,0.0,0.0,0.0
179,179,0.0,0.0,0.0,0.0,1.402907133102417,5.357624530792236,5.573541164398193,0.0,0.0,0.0,0.0,0.0,0.0,0.0,0.0,0.0,0.0,0.0,0.0,0.0,0.0,0.0,0.0,0.0,0.0,0.0
180,180,0.0,0.0,0.0,0.0,1.4148396253585815,5.375606060028076,5.574121475219727,0.0,0.0,0.0,0.0,0.0,0.0,0.0,0.0,0.0,0.0,0.0,0.0,0.0,0.0,0.0,0.0,0.0,0.0,0.0
181,181,0.0,0.0,0.0,0.0,1.426568865776062,5.393670082092285,5.574721336364746,0.0,0.0,0.0,0.0,0.0,0.0,0.0,0.0,0.0,0.0,0.0,0.0,0.0,0.0,0.0,0.0,0.0,0.0,0.0
182,182,0.0,0.0,0.0,0.0,1.4380970001220703,5.411805152893066,5.575340747833252,0.0,0.0,0.0,0.0,0.0,0.0,0.0,0.0,0.0,0.0,0.0,0.0,0.0,0.0,0.0,0.0,0.0,0.0,0.0
183,183,0.0,0.0,0.0,0.0,1.4494261741638184,5.430000305175781,5.575981140136719,0.0,0.0,0.0,0.0,0.0,0.0,0.0,0.0,0.0,0.0,0.0,0.0,0.0,0.0,0.0,0.0,0.0,0.0,0.0
184,184,0.0,0.0,0.0,0.0,1.4605587720870972,5.448243141174316,5.576643943786621,0.0,0.0,0.0,0.0,0.0,0.0,0.0,0.0,0.0,0.0,0.0,0.0,0.0,0.0,0.0,0.0,0.0,0.0,0.0
185,185,0.0,0.0,0.0,0.0,1.4714972972869873,5.466522693634033,5.577330112457275,0.0,0.0,0.0,0.0,0.0,0.0,0.0,0.0,0.0,0.0,0.0,0.0,0.0,0.0,0.0,0.0,0.0,0.0,0.0
186,186,0.0,0.0,0.0,0.0,1.4822441339492798,5.48482608795166,5.5780415534973145,0.0,0.0,0.0,0.0,0.0,0.0,0.0,0.0,0.0,0.0,0.0,0.0,0.0,0.0,0.0,0.0,0.0,0.0,0.0
187,187,0.0,0.0,0.0,0.0,1.4928020238876343,5.5031418800354,5.5787787437438965,0.0,0.0,0.0,0.0,0.0,0.0,0.0,0.0,0.0,0.0,0.0,0.0,0.0,0.0,0.0,0.0,0.0,0.0,0.0
188,188,0.0,0.0,0.0,0.0,1.503173828125,5.521457195281982,5.579544544219971,0.0,0.0,0.0,0.0,0.0,0.0,0.0,0.0,0.0,0.0,0.0,0.0,0.0,0.0,0.0,0.0,0.0,0.0,0.0
189,189,0.0,0.0,0.0,0.0,1.5133620500564575,5.539760589599609,5.580339431762695,0.0,0.0,0.0,0.0,0.0,0.0,0.0,0.0,0.0,0.0,0.0,0.0,0.0,0.0,0.0,0.0,0.0,0.0,0.0
190,190,0.0,0.0,0.0,0.0,1.523369550704956,5.558039665222168,5.5811662673950195,3.320037364959717,0.0,0.0,0.0,0.0,0.0,0.0,0.0,0.0,0.0,0.0,0.0,0.0,0.0,0.0,0.0,0.0,0.0,0.0
191,191,0.0,0.0,0.0,0.0,1.533199429512024,5.576282501220703,5.582026481628418,3.314185857772827,0.0,0.0,0.0,0.0,0.0,0.0,0.0,0.0,0.0,0.0,0.0,0.0,0.0,0.0,0.0,0.0,0.0,0.0
192,192,0.0,0.0,0.0,0.0,1.5428544282913208,5.594476699829102,5.582921981811523,3.308212995529175,0.0,0.0,0.0,0.0,0.0,0.0,0.0,0.0,0.0,0.0,0.0,0.0,0.0,0.0,0.0,0.0,0.0,0.0
193,193,0.0,0.0,0.0,0.0,1.552337408065796,5.612611293792725,5.583856105804443,3.3021152019500732,0.0,0.0,0.0,0.0,0.0,0.0,0.0,0.0,0.0,0.0,0.0,0.0,0.0,0.0,0.0,0.0,0.0,0.0
194,194,0.0,0.0,0.0,0.0,1.5616514682769775,5.630674839019775,5.5848307609558105,3.295889377593994,0.0,0.0,0.0,0.0,0.0,0.0,0.0,0.0,0.0,0.0,0.0,0.0,0.0,0.0,0.0,0.0,0.0,0.0
195,195,0.0,0.0,0.0,0.0,1.570799469947815,5.648655414581299,5.585849285125732,3.289531707763672,0.0,0.0,0.0,0.0,0.0,0.0,0.0,0.0,0.0,0.0,0.0,0.0,0.0,0.0,0.0,0.0,0.0,0.0
196,196,0.0,0.0,0.0,0.0,1.5797845125198364,5.666543006896973,5.5869140625,3.28303861618042,0.0,0.0,0.0,0.0,0.0,0.0,0.0,0.0,0.0,0.0,0.0,0.0,0.0,0.0,0.0,0.0,0.0,0.0
197,197,0.0,0.0,0.0,0.0,1.5886093378067017,5.684326648712158,5.588029384613037,3.2764062881469727,0.0,0.0,0.0,0.0,0.0,0.0,0.0,0.0,0.0,0.0,0.0,0.0,0.0,0.0,0.0,0.0,0.0,0.0
198,198,0.0,0.0,0.0,0.0,1.597277045249939,5.701996326446533,5.589198112487793,3.2696306705474854,0.0,0.0,0.0,0.0,0.0,0.0,0.0,0.0,0.0,0.0,0.0,0.0,0.0,0.0,0.0,0.0,0.0,0.0
199,199,0.0,0.0,0.0,0.0,1.605790615081787,5.719542026519775,5.590425491333008,3.2627081871032715,0.0,0.0,0.0,0.0,0.0,0.0,0.0,0.0,0.0,0.0,0.0,0.0,0.0,0.0,0.0,0.0,0.0,0.0
200,200,0.0,0.0,0.0,0.0,1.6141529083251953,5.736955165863037,5.591714859008789,3.255634069442749,0.0,0.0,0.0,0.0,0.0,0.0,0.0,0.0,0.0,0.0,0.0,0.0,0.0,0.0,0.0,0.0,0.0,0.0
201,201,0.0,0.0,0.0,0.0,1.6223667860031128,5.754226207733154,5.593072414398193,3.2484045028686523,0.0,0.0,0.0,0.0,0.0,0.0,0.0,0.0,0.0,0.0,0.0,0.0,0.0,0.0,0.0,0.0,0.0,0.0
202,202,0.0,0.0,0.0,0.0,1.6304352283477783,5.7713470458984375,5.594503402709961,3.2410149574279785,0.0,0.0,0.0,0.0,0.0,0.0,0.0,0.0,0.0,0.0,0.0,0.0,0.0,0.0,0.0,0.0,0.0,0.0
203,203,0.0,0.0,0.0,0.0,1.6383610963821411,5.7883100509643555,5.596014022827148,3.2334611415863037,0.0,0.0,0.0,0.0,0.0,0.0,0.0,0.0,0.0,0.0,0.0,0.0,0.0,0.0,0.0,0.0,0.0,0.0
204,204,0.0,0.0,0.0,0.0,1.6461471319198608,5.805108070373535,5.597611427307129,3.2257378101348877,0.0,0.0,0.0,0.0,0.0,0.0,0.0,0.0,0.0,0.0,0.0,0.0,0.0,0.0,0.0,0.0,0.0,0.0
205,205,0.0,0.0,0.0,0.0,1.6537961959838867,5.8217339515686035,5.599303245544434,3.2178406715393066,0.0,0.0,0.0,0.0,0.0,0.0,0.0,0.0,0.0,0.0,0.0,0.0,0.0,0.0,0.0,0.0,0.0,0.0
206,206,0.0,0.0,0.0,0.0,0.0,5.838181018829346,5.601099014282227,3.2097647190093994,0.0,0.0,0.0,0.0,0.0,0.0,0.0,0.0,0.0,0.0,0.0,0.0,0.0,0.0,0.0,0.0,0.0,0.0
207,207,0.0,0.0,0.0,0.0,0.0,5.8544440269470215,5.603008270263672,3.201504945755005,0.0,0.0,0.0,0.0,0.0,0.0,0.0,0.0,0.0,0.0,0.0,0.0,0.0,0.0,0.0,0.0,0.0,0.0
208,208,0.0,0.0,0.0,0.0,0.0,5.870517730712891,5.605042934417725,3.193056344985962,0.0,0.0,0.0,0.0,0.0,0.0,0.0,0.0,0.0,0.0,0.0,0.0,0.0,0.0,0.0,0.0,0.0,0.0
209,209,0.0,0.0,0.0,0.0,0.0,5.886396884918213,5.60721492767334,3.184413194656372,0.0,0.0,0.0,0.0,0.0,0.0,0.0,0.0,0.0,0.0,0.0,0.0,0.0,0.0,0.0,0.0,0.0,0.0
210,210,0.0,0.0,0.0,0.0,0.0,5.902078151702881,5.6095404624938965,3.175570249557495,0.0,0.0,0.0,0.0,0.0,0.0,0.0,0.0,0.0,0.0,0.0,0.0,0.0,0.0,0.0,0.0,0.0,0.0
211,211,0.0,0.0,0.0,0.0,0.0,5.9175567626953125,5.612035274505615,3.1665220260620117,0.0,0.0,0.0,0.0,0.0,0.0,0.0,0.0,0.0,0.0,0.0,0.0,0.0,0.0,0.0,0.0,0.0,0.0
212,212,0.0,0.0,0.0,0.0,0.0,5.932829856872559,5.614719867706299,3.1572630405426025,0.0,0.0,0.0,0.0,0.0,0.0,0.0,0.0,0.0,0.0,0.0,0.0,0.0,0.0,0.0,0.0,0.0,0.0
213,213,0.0,0.0,0.0,0.0,0.0,5.94789457321167,5.617616653442383,3.147787094116211,0.0,0.0,0.0,0.0,0.0,0.0,0.0,0.0,0.0,0.0,0.0,0.0,0.0,0.0,0.0,0.0,0.0,0.0
214,214,0.0,0.0,0.0,0.0,0.0,5.9627485275268555,5.620752334594727,3.1380884647369385,0.0,0.0,0.0,0.0,0.0,0.0,0.0,0.0,0.0,0.0,0.0,0.0,0.0,0.0,0.0,0.0,0.0,0.0
215,215,0.0,0.0,0.0,0.0,0.0,5.977389812469482,5.6241583824157715,3.1281611919403076,0.0,0.0,0.0,0.0,0.0,0.0,0.0,0.0,0.0,0.0,0.0,0.0,0.0,0.0,0.0,0.0,0.0,0.0
216,216,0.0,0.0,0.0,0.0,0.0,5.991817474365234,5.627871036529541,3.1179990768432617,0.0,0.0,0.0,0.0,0.0,0.0,0.0,0.0,0.0,0.0,0.0,0.0,0.0,0.0,0.0,0.0,0.0,0.0
217,217,0.0,0.0,0.0,0.0,0.0,6.00602912902832,5.631934642791748,3.107595920562744,0.0,0.0,0.0,0.0,0.0,0.0,0.0,0.0,0.0,0.0,0.0,0.0,0.0,0.0,0.0,0.0,0.0,0.0
218,218,0.0,0.0,0.0,0.0,0.0,6.020025253295898,5.636401653289795,3.096945285797119,0.0,0.0,0.0,0.0,0.0,0.0,0.0,0.0,0.0,0.0,0.0,0.0,0.0,0.0,0.0,0.0,0.0,0.0
219,219,0.0,0.0,0.0,0.0,0.0,6.033804893493652,5.641335487365723,3.08604097366333,0.0,0.0,0.0,0.0,0.0,0.0,0.0,0.0,0.0,0.0,0.0,0.0,0.0,0.0,0.0,0.0,0.0,0.0
220,220,0.0,0.0,0.0,0.0,0.0,6.047368049621582,5.646814346313477,3.074876308441162,0.0,0.0,0.0,0.0,0.0,0.0,0.0,0.0,0.0,0.0,0.0,0.0,0.0,0.0,0.0,0.0,0.0,0.0
221,221,0.0,0.0,0.0,0.0,0.0,6.060715198516846,5.6529340744018555,3.0634448528289795,0.0,0.0,0.0,0.0,0.0,0.0,0.0,0.0,0.0,0.0,0.0,0.0,0.0,0.0,0.0,0.0,0.0,0.0
222,222,0.0,0.0,0.0,0.0,0.0,6.073846817016602,5.659814357757568,3.0517401695251465,0.0,0.0,0.0,0.0,0.0,0.0,0.0,0.0,0.0,0.0,0.0,0.0,0.0,0.0,0.0,0.0,0.0,0.0
223,223,0.0,0.0,0.0,0.0,0.0,6.086763858795166,5.667607307434082,3.039755344390869,0.0,0.0,0.0,0.0,0.0,0.0,0.0,0.0,0.0,0.0,0.0,0.0,0.0,0.0,0.0,0.0,0.0,0.0
224,224,0.0,0.0,0.0,0.0,0.0,6.099466800689697,5.676506042480469,3.02748441696167,0.0,0.0,0.0,0.0,0.0,0.0,0.0,0.0,0.0,0.0,0.0,0.0,0.0,0.0,0.0,0.0,0.0,0.0
225,225,0.0,0.0,0.0,0.0,0.0,6.111958026885986,5.686765193939209,3.014920234680176,0.0,0.0,0.0,0.0,0.0,0.0,0.0,0.0,0.0,0.0,0.0,0.0,0.0,0.0,0.0,0.0,0.0,0.0
226,226,0.0,0.0,0.0,0.0,0.0,6.124238014221191,5.698720455169678,3.00205659866333,0.0,0.0,0.0,0.0,0.0,0.0,0.0,0.0,0.0,0.0,0.0,0.0,0.0,0.0,0.0,0.0,0.0,0.0
227,227,0.0,0.0,0.0,0.0,0.0,6.136309623718262,5.712827682495117,2.988887071609497,0.0,0.0,0.0,0.0,0.0,0.0,0.0,0.0,0.0,0.0,0.0,0.0,0.0,0.0,0.0,0.0,0.0,0.0
228,228,0.0,0.0,0.0,0.0,0.0,6.148173809051514,5.7297210693359375,2.97540545463562,0.0,0.0,0.0,0.0,0.0,0.0,0.0,0.0,0.0,0.0,0.0,0.0,0.0,0.0,0.0,0.0,0.0,0.0
229,229,0.0,0.0,0.0,0.0,0.0,6.159832954406738,5.750306129455566,2.9616055488586426,0.0,0.0,0.0,0.0,0.0,0.0,0.0,0.0,0.0,0.0,0.0,0.0,0.0,0.0,0.0,0.0,0.0,0.0
230,230,0.0,0.0,0.0,0.0,0.0,6.171289920806885,5.775918960571289,2.947481632232666,0.0,0.0,0.0,0.0,0.0,0.0,0.0,0.0,0.0,0.0,0.0,0.0,0.0,0.0,0.0,0.0,0.0,0.0
231,231,0.0,0.0,0.0,0.0,0.0,6.182546138763428,5.808613300323486,2.933027744293213,0.0,0.0,0.0,0.0,0.0,0.0,0.0,0.0,0.0,0.0,0.0,0.0,0.0,0.0,0.0,0.0,0.0,0.0
232,232,0.0,0.0,0.0,0.0,0.0,6.193604946136475,5.851693153381348,2.918238639831543,0.0,0.0,0.0,0.0,0.0,0.0,0.0,0.0,0.0,0.0,0.0,0.0,0.0,0.0,0.0,0.0,0.0,0.0
233,233,0.0,0.0,0.0,0.0,0.0,6.204468727111816,5.910777568817139,2.903109073638916,0.0,0.0,0.0,0.0,0.0,0.0,0.0,0.0,0.0,0.0,0.0,0.0,0.0,0.0,0.0,0.0,0.0,0.0
234,234,0.0,0.0,0.0,0.0,0.0,6.215139389038086,5.996058464050293,2.887634515762329,0.0,0.0,0.0,0.0,0.0,0.0,0.0,0.0,0.0,0.0,0.0,0.0,0.0,0.0,0.0,0.0,0.0,0.0
235,235,0.0,0.0,0.0,0.0,0.0,6.225620746612549,6.127284526824951,2.8718109130859375,0.0,0.0,0.0,0.0,0.0,0.0,0.0,0.0,0.0,0.0,0.0,0.0,0.0,0.0,0.0,0.0,0.0,0.0
236,236,0.0,0.0,0.0,0.0,0.0,6.235915660858154,0.06073718145489693,2.8556342124938965,0.0,0.0,0.0,0.0,0.0,0.0,0.0,0.0,0.0,0.0,0.0,0.0,0.0,0.0,0.0,0.0,0.0,0.0
237,237,0.0,0.0,0.0,0.0,0.0,6.246026039123535,0.42802876234054565,2.839101552963257,0.0,0.0,0.0,0.0,0.0,0.0,0.0,0.0,0.0,0.0,0.0,0.0,0.0,0.0,0.0,0.0,0.0,0.0
238,238,0.0,0.0,0.0,0.0,0.0,6.255955696105957,0.9487279653549194,2.8222103118896484,0.0,0.0,0.0,0.0,0.0,0.0,0.0,0.0,0.0,0.0,0.0,0.0,0.0,0.0,0.0,0.0,0.0,0.0
239,239,0.0,0.0,0.0,0.0,0.0,6.265707492828369,1.4168884754180908,2.8049585819244385,0.0,0.0,0.0,0.0,0.0,0.0,0.0,0.0,0.0,0.0,0.0,0.0,0.0,0.0,0.0,0.0,0.0,0.0
240,240,0.0,0.0,0.0,0.0,0.0,6.2752838134765625,1.7110539674758911,2.7873454093933105,0.0,0.0,0.0,0.0,0.0,0.0,0.0,0.0,0.0,0.0,0.0,0.0,0.0,0.0,0.0,0.0,0.0,0.0
241,241,0.0,0.0,0.0,0.0,0.0,0.0015030866488814354,1.8843401670455933,2.7693707942962646,0.0,0.0,0.0,0.0,0.0,0.0,0.0,0.0,0.0,0.0,0.0,0.0,0.0,0.0,0.0,0.0,0.0,0.0
242,242,0.0,0.0,0.0,0.0,0.0,0.010738689452409744,1.9924553632736206,2.751035213470459,0.0,0.0,0.0,0.0,0.0,0.0,0.0,0.0,0.0,0.0,0.0,0.0,0.0,0.0,0.0,0.0,0.0,0.0
243,243,0.0,0.0,0.0,0.0,0.0,0.019808370620012283,2.064786434173584,2.7323408126831055,0.0,0.0,0.0,0.0,0.0,0.0,0.0,0.0,0.0,0.0,0.0,0.0,0.0,0.0,0.0,0.0,0.0,0.0
244,244,0.0,0.0,0.0,0.0,0.0,0.02871518023312092,2.116088390350342,2.713290214538574,0.0,0.0,0.0,0.0,0.0,0.0,0.0,0.0,0.0,0.0,0.0,0.0,0.0,0.0,0.0,0.0,0.0,0.0
245,245,0.0,0.0,0.0,0.0,0.0,0.03746214881539345,2.1541879177093506,2.693887233734131,0.0,0.0,0.0,0.0,0.0,0.0,0.0,0.0,0.0,0.0,0.0,0.0,0.0,0.0,0.0,0.0,0.0,0.0
246,246,0.0,0.0,0.0,0.0,0.0,0.04605229198932648,2.183525323867798,2.674137592315674,0.0,0.0,0.0,0.0,0.0,0.0,0.0,0.0,0.0,0.0,0.0,0.0,0.0,0.0,0.0,0.0,0.0,0.0
247,247,0.0,0.0,0.0,0.0,0.0,0.05448862165212631,2.2067768573760986,2.6540474891662598,0.0,0.0,0.0,0.0,0.0,0.0,0.0,0.0,0.0,0.0,0.0,0.0,0.0,0.0,0.0,0.0,0.0,0.0
248,248,0.0,0.0,0.0,0.0,0.0,0.06277411431074142,2.2256417274475098,2.63362455368042,0.0,0.0,0.0,0.0,0.0,0.0,0.0,0.0,0.0,0.0,0.0,0.0,0.0,0.0,0.0,0.0,0.0,0.0
249,249,0.0,0.0,0.0,0.0,0.0,0.07091173529624939,2.2412455081939697,2.6128783226013184,0.0,0.0,0.0,0.0,0.0,0.0,0.0,0.0,0.0,0.0,0.0,0.0,0.0,0.0,0.0,0.0,0.0,0.0
250,250,0.0,0.0,0.0,0.0,0.0,0.0789044052362442,2.2543623447418213,2.5918190479278564,0.0,0.0,0.0,0.0,0.0,0.0,0.0,0.0,0.0,0.0,0.0,0.0,0.0,0.0,0.0,0.0,0.0,0.0
251,251,0.0,0.0,0.0,0.0,0.0,0.08675502985715866,2.26554012298584,2.5704588890075684,0.0,0.0,0.0,0.0,0.0,0.0,0.0,0.0,0.0,0.0,0.0,0.0,0.0,0.0,0.0,0.0,0.0,0.0
252,252,0.0,0.0,0.0,0.0,0.0,0.09446647763252258,2.2751784324645996,2.548811435699463,0.0,0.0,0.0,0.0,0.0,0.0,0.0,0.0,0.0,0.0,0.0,0.0,0.0,0.0,0.0,0.0,0.0,0.0
253,253,0.0,0.0,0.0,0.0,0.0,0.1020415723323822,2.283574342727661,2.5268914699554443,0.0,0.0,0.0,0.0,0.0,0.0,0.0,0.0,0.0,0.0,0.0,0.0,0.0,0.0,0.0,0.0,0.0,0.0
254,254,0.0,0.0,0.0,0.0,0.0,0.0,2.2909531593322754,2.5047152042388916,0.0,0.0,0.0,0.0,0.0,0.0,0.0,0.0,0.0,0.0,0.0,0.0,0.0,0.0,0.0,0.0,0.0,0.0
255,255,0.0,0.0,0.0,0.0,0.0,0.0,2.2974891662597656,2.4823007583618164,0.0,0.0,0.0,0.0,0.0,0.0,0.0,0.0,0.0,0.0,0.0,0.0,0.0,0.0,0.0,0.0,0.0,0.0
256,256,0.0,0.0,0.0,0.0,0.0,0.0,2.3033194541931152,2.4596667289733887,0.0,0.0,0.0,0.0,0.0,0.0,0.0,0.0,0.0,0.0,0.0,0.0,0.0,0.0,0.0,0.0,0.0,0.0
257,257,0.0,0.0,0.0,0.0,0.0,0.0,2.3085525035858154,2.436833620071411,0.0,0.0,0.0,0.0,0.0,0.0,0.0,0.0,0.0,0.0,0.0,0.0,0.0,0.0,0.0,0.0,0.0,0.0
258,258,0.0,0.0,0.0,0.0,0.0,0.0,2.3132758140563965,2.413823127746582,0.0,0.0,0.0,0.0,0.0,0.0,0.0,0.0,0.0,0.0,0.0,0.0,0.0,0.0,0.0,0.0,0.0,0.0
259,259,0.0,0.0,0.0,0.0,0.0,0.0,2.317561149597168,2.390657663345337,0.0,0.0,0.0,0.0,0.0,0.0,0.0,0.0,0.0,0.0,0.0,0.0,0.0,0.0,0.0,0.0,0.0,0.0
260,260,0.0,0.0,0.0,0.0,0.0,0.0,2.3214664459228516,2.367360830307007,0.0,0.0,0.0,0.0,0.0,0.0,0.0,0.0,0.0,0.0,0.0,0.0,0.0,0.0,0.0,0.0,0.0,0.0
261,261,0.0,0.0,0.0,0.0,0.0,0.0,2.3250410556793213,2.34395694732666,0.0,0.0,0.0,0.0,0.0,0.0,0.0,0.0,0.0,0.0,0.0,0.0,0.0,0.0,0.0,0.0,0.0,0.0
262,262,0.0,0.0,0.0,0.0,0.0,0.0,2.328325033187866,2.3204715251922607,0.0,0.0,0.0,0.0,0.0,0.0,0.0,0.0,0.0,0.0,0.0,0.0,0.0,0.0,0.0,0.0,0.0,0.0
263,263,0.0,0.0,0.0,0.0,0.0,0.0,2.331352949142456,2.2969300746917725,0.0,0.0,0.0,0.0,0.0,0.0,0.0,0.0,0.0,0.0,0.0,0.0,0.0,0.0,0.0,0.0,0.0,0.0
264,264,0.0,0.0,0.0,0.0,0.0,0.0,2.334153890609741,2.2733583450317383,0.0,0.0,0.0,0.0,0.0,0.0,0.0,0.0,0.0,0.0,0.0,0.0,0.0,0.0,0.0,0.0,0.0,0.0
265,265,0.0,0.0,0.0,0.0,0.0,0.0,2.3367526531219482,2.2497828006744385,0.0,0.0,0.0,0.0,0.0,0.0,0.0,0.0,0.0,0.0,0.0,0.0,0.0,0.0,0.0,0.0,0.0,0.0
266,266,0.0,0.0,0.0,0.0,0.0,0.0,2.3391706943511963,2.226229429244995,0.0,0.0,0.0,0.0,0.0,0.0,0.0,0.0,0.0,0.0,0.0,0.0,0.0,0.0,0.0,0.0,0.0,0.0
267,267,0.0,0.0,0.0,0.0,0.0,0.0,2.341426372528076,2.2027249336242676,4.908971786499023,0.0,0.0,0.0,0.0,0.0,0.0,0.0,0.0,0.0,0.0,0.0,0.0,0.0,0.0,0.0,0.0,0.0
268,268,0.0,0.0,0.0,0.0,0.0,0.0,2.343535900115967,2.1792943477630615,4.90151309967041,0.0,0.0,0.0,0.0,0.0,0.0,0.0,0.0,0.0,0.0,0.0,0.0,0.0,0.0,0.0,0.0,0.0
269,269,0.0,0.0,0.0,0.0,0.0,0.0,2.345512866973877,2.15596342086792,4.893917083740234,0.0,0.0,0.0,0.0,0.0,0.0,0.0,0.0,0.0,0.0,0.0,0.0,0.0,0.0,0.0,0.0,0.0
270,270,0.0,0.0,0.0,0.0,0.0,0.0,2.347369909286499,2.1327567100524902,4.8861799240112305,0.0,0.0,0.0,0.0,0.0,0.0,0.0,0.0,0.0,0.0,0.0,0.0,0.0,0.0,0.0,0.0,0.0
271,271,0.0,0.0,0.0,0.0,0.0,0.0,2.3491177558898926,2.1096980571746826,4.878299713134766,0.0,0.0,0.0,0.0,0.0,0.0,0.0,0.0,0.0,0.0,0.0,0.0,0.0,0.0,0.0,0.0,0.0
272,272,0.0,0.0,0.0,0.0,0.0,0.0,2.3507659435272217,2.086810350418091,4.870272636413574,0.0,0.0,0.0,0.0,0.0,0.0,0.0,0.0,0.0,0.0,0.0,0.0,0.0,0.0,0.0,0.0,0.0
273,273,0.0,0.0,0.0,0.0,0.0,0.0,2.352322816848755,2.064115524291992,4.862096309661865,0.0,0.0,0.0,0.0,0.0,0.0,0.0,0.0,0.0,0.0,0.0,0.0,0.0,0.0,0.0,0.0,0.0
274,274,0.0,0.0,0.0,0.0,0.0,0.0,2.3537960052490234,2.0416343212127686,4.853766918182373,0.0,0.0,0.0,0.0,0.0,0.0,0.0,0.0,0.0,0.0,0.0,0.0,0.0,0.0,0.0,0.0,0.0
275,275,0.0,0.0,0.0,0.0,0.0,0.0,2.355192184448242,2.019385814666748,4.845282077789307,0.0,0.0,0.0,0.0,0.0,0.0,0.0,0.0,0.0,0.0,0.0,0.0,0.0,0.0,0.0,0.0,0.0
276,276,0.0,0.0,0.0,0.0,0.0,0.0,2.3565173149108887,1.9973887205123901,4.836638450622559,4.038959503173828,0.0,0.0,0.0,0.0,0.0,0.0,0.0,0.0,0.0,0.0,0.0,0.0,0.0,0.0,0.0,0.0
277,277,0.0,0.0,0.0,0.0,0.0,0.0,2.3577768802642822,1.9756593704223633,4.827832221984863,4.040801048278809,0.0,0.0,0.0,0.0,0.0,0.0,0.0,0.0,0.0,0.0,0.0,0.0,0.0,0.0,0.0,0.0
278,278,0.0,0.0,0.0,0.0,0.0,0.0,2.358975887298584,1.9542131423950195,4.818861484527588,4.0426859855651855,0.0,0.0,0.0,0.0,0.0,0.0,0.0,0.0,0.0,0.0,0.0,0.0,0.0,0.0,0.0,0.0
279,279,0.0,0.0,0.0,0.0,0.0,0.0,2.3601186275482178,1.9330641031265259,4.809721946716309,4.044615268707275,0.0,0.0,0.0,0.0,0.0,0.0,0.0,0.0,0.0,0.0,0.0,0.0,0.0,0.0,0.0,0.0
280,280,0.0,0.0,0.0,0.0,0.0,0.0,2.361208915710449,1.912224531173706,4.800410747528076,4.046590328216553,0.0,0.0,0.0,0.0,0.0,0.0,0.0,0.0,0.0,0.0,0.0,0.0,0.0,0.0,0.0,0.0
281,281,0.0,0.0,0.0,0.0,0.0,0.0,2.362250566482544,1.8917055130004883,4.790925025939941,4.048613548278809,0.0,0.0,0.0,0.0,0.0,0.0,0.0,0.0,0.0,0.0,0.0,0.0,0.0,0.0,0.0,0.0
282,282,0.0,0.0,0.0,0.0,0.0,0.0,2.3632469177246094,1.8715165853500366,4.781260967254639,4.050685882568359,0.0,0.0,0.0,0.0,0.0,0.0,0.0,0.0,0.0,0.0,0.0,0.0,0.0,0.0,0.0,0.0
283,283,0.0,0.0,0.0,0.0,0.0,0.0,2.3642008304595947,1.8516660928726196,4.771415710449219,4.052809715270996,0.0,0.0,0.0,0.0,0.0,0.0,0.0,0.0,0.0,0.0,0.0,0.0,0.0,0.0,0.0,0.0
284,284,0.0,0.0,0.0,0.0,0.0,0.0,2.36511492729187,1.8321608304977417,4.761386394500732,4.054986953735352,0.0,0.0,0.0,0.0,0.0,0.0,0.0,0.0,0.0,0.0,0.0,0.0,0.0,0.0,0.0,0.0
285,285,0.0,0.0,0.0,0.0,0.0,0.0,2.3659920692443848,1.8130062818527222,4.751169204711914,4.057219505310059,0.0,0.0,0.0,0.0,0.0,0.0,0.0,0.0,0.0,0.0,0.0,0.0,0.0,0.0,0.0,0.0
286,286,0.0,0.0,0.0,0.0,0.0,0.0,2.3668344020843506,1.794206976890564,4.740761756896973,4.059509754180908,0.0,0.0,0.0,0.0,0.0,0.0,0.0,0.0,0.0,0.0,0.0,0.0,0.0,0.0,0.0,0.0
287,287,0.0,0.0,0.0,0.0,0.0,0.0,2.3676440715789795,1.7757658958435059,4.730160713195801,4.061859607696533,0.0,0.0,0.0,0.0,0.0,0.0,0.0,0.0,0.0,0.0,0.0,0.0,0.0,0.0,0.0,0.0
288,288,0.0,0.0,0.0,0.0,0.0,0.0,2.368422746658325,1.7576854228973389,4.719363212585449,4.064271450042725,0.0,0.0,0.0,0.0,0.0,0.0,0.0,0.0,0.0,0.0,0.0,0.0,0.0,0.0,0.0,0.0
289,289,0.0,0.0,0.0,0.0,0.0,0.0,2.3691728115081787,1.7399662733078003,4.7083659172058105,4.06674861907959,0.0,0.0,0.0,0.0,0.0,0.0,0.0,0.0,0.0,0.0,0.0,0.0,0.0,0.0,0.0,0.0
290,290,0.0,0.0,0.0,0.0,0.0,0.0,2.3698952198028564,1.7226088047027588,4.697166442871094,4.0692925453186035,0.0,0.0,0.0,0.0,0.0,0.0,0.0,0.0,0.0,0.0,0.0,0.0,0.0,0.0,0.0,0.0
291,291,0.0,0.0,0.0,0.0,0.0,0.0,2.3705921173095703,1.7056121826171875,4.68576192855835,4.071906566619873,0.0,0.0,0.0,0.0,0.0,0.0,0.0,0.0,0.0,0.0,0.0,0.0,0.0,0.0,0.0,0.0
292,292,0.0,0.0,0.0,0.0,0.0,0.0,2.3712644577026367,1.6889748573303223,4.674149990081787,4.074594020843506,0.0,0.0,0.0,0.0,0.0,0.0,0.0,0.0,0.0,0.0,0.0,0.0,0.0,0.0,0.0,0.0
293,293,0.0,0.0,0.0,0.0,0.0,0.0,2.3719139099121094,1.6726945638656616,4.662327766418457,4.077357769012451,0.0,0.0,0.0,0.0,0.0,0.0,0.0,0.0,0.0,0.0,0.0,0.0,0.0,0.0,0.0,0.0
294,294,0.0,0.0,0.0,0.0,0.0,0.0,2.372541666030884,1.6567682027816772,4.650292873382568,4.080200672149658,0.0,0.0,0.0,0.0,0.0,0.0,0.0,0.0,0.0,0.0,0.0,0.0,0.0,0.0,0.0,0.0
295,295,0.0,0.0,0.0,0.0,0.0,0.0,2.3731484413146973,1.6411923170089722,4.638043403625488,4.083126544952393,0.0,0.0,0.0,0.0,0.0,0.0,0.0,0.0,0.0,0.0,0.0,0.0,0.0,0.0,0.0,0.0
296,296,0.0,0.0,0.0,0.0,0.0,0.0,2.3737359046936035,1.625962734222412,4.625577449798584,4.08613920211792,0.0,0.0,0.0,0.0,0.0,0.0,0.0,0.0,0.0,0.0,0.0,0.0,0.0,0.0,0.0,0.0
297,297,0.0,0.0,0.0,0.0,0.0,0.0,2.3743045330047607,1.6110750436782837,4.612893104553223,4.089242935180664,0.0,0.0,0.0,0.0,0.0,0.0,0.0,0.0,0.0,0.0,0.0,0.0,0.0,0.0,0.0,0.0
298,298,0.0,0.0,0.0,0.0,0.0,0.0,2.3748557567596436,1.5965242385864258,4.59998893737793,4.092440605163574,0.0,0.0,0.0,0.0,0.0,0.0,0.0,0.0,0.0,0.0,0.0,0.0,0.0,0.0,0.0,0.0
299,299,0.0,0.0,0.0,0.0,0.0,0.0,2.375389814376831,1.5823049545288086,4.586863040924072,4.095737934112549,0.0,0.0,0.0,0.0,0.0,0.0,0.0,0.0,0.0,0.0,0.0,0.0,0.0,0.0,0.0,0.0
300,300,0.0,0.0,0.0,0.0,0.0,0.0,2.375908136367798,1.5684117078781128,4.573514938354492,4.0991387367248535,0.0,0.0,0.0,0.0,0.0,0.0,0.0,0.0,0.0,0.0,0.0,0.0,0.0,0.0,0.0,0.0
301,301,0.0,0.0,0.0,0.0,0.0,0.0,2.376410961151123,1.5548385381698608,4.559943675994873,4.102648735046387,0.0,0.0,0.0,0.0,0.0,0.0,0.0,0.0,0.0,0.0,0.0,0.0,0.0,0.0,0.0,0.0
302,302,0.0,0.0,0.0,0.0,0.0,0.0,2.376899480819702,1.5415793657302856,4.546148777008057,4.106272220611572,0.0,0.0,0.0,0.0,0.0,0.0,0.0,0.0,0.0,0.0,0.0,0.0,0.0,0.0,0.0,0.0
303,303,0.0,0.0,0.0,0.0,0.0,0.0,2.3773739337921143,1.5286281108856201,4.532130241394043,4.110015869140625,0.0,0.0,0.0,0.0,0.0,0.0,0.0,0.0,0.0,0.0,0.0,0.0,0.0,0.0,0.0,0.0
304,304,0.0,0.0,0.0,0.0,0.0,0.0,2.377835273742676,1.515978217124939,4.517887592315674,4.113884925842285,0.0,0.0,0.0,0.0,0.0,0.0,0.0,0.0,0.0,0.0,0.0,0.0,0.0,0.0,0.0,0.0
305,305,0.0,0.0,0.0,0.0,0.0,0.0,2.378283977508545,1.503623366355896,4.503421783447266,4.117886066436768,0.0,0.0,0.0,0.0,0.0,0.0,0.0,0.0,0.0,0.0,0.0,0.0,0.0,0.0,0.0,0.0
306,306,0.0,0.0,0.0,0.0,0.0,0.0,2.378720283508301,1.491557002067566,4.488734245300293,4.122025966644287,0.0,0.0,0.0,0.0,0.0,0.0,0.0,0.0,0.0,0.0,0.0,0.0,0.0,0.0,0.0,0.0
307,307,0.0,0.0,0.0,0.0,0.0,0.0,2.379145383834839,1.4797724485397339,4.473825454711914,4.126311779022217,0.0,0.0,0.0,0.0,0.0,0.0,0.0,0.0,0.0,0.0,0.0,0.0,0.0,0.0,0.0,0.0
308,308,0.0,0.0,0.0,0.0,0.0,0.0,2.37955904006958,1.4682633876800537,4.45869779586792,4.130751609802246,0.0,0.0,0.0,0.0,0.0,0.0,0.0,0.0,0.0,0.0,0.0,0.0,0.0,0.0,0.0,0.0
309,309,0.0,0.0,0.0,0.0,0.0,0.0,2.379962205886841,1.4570231437683105,4.443353176116943,4.135354042053223,0.0,0.0,0.0,0.0,0.0,0.0,0.0,0.0,0.0,0.0,0.0,0.0,0.0,0.0,0.0,0.0
310,310,0.0,0.0,0.0,0.0,0.0,0.0,2.3803553581237793,1.4460450410842896,4.427794456481934,4.140127658843994,0.0,0.0,0.0,0.0,0.0,0.0,0.0,0.0,0.0,0.0,0.0,0.0,0.0,0.0,0.0,0.0
311,311,0.0,0.0,0.0,0.0,0.0,0.0,2.3807384967803955,1.4353227615356445,4.412024974822998,4.145081520080566,0.0,0.0,0.0,0.0,0.0,0.0,0.0,0.0,0.0,0.0,0.0,0.0,0.0,0.0,0.0,0.0
312,312,0.0,0.0,0.0,0.0,0.0,0.0,2.3811123371124268,1.4248498678207397,4.396048545837402,4.150227069854736,0.0,0.0,0.0,0.0,0.0,0.0,0.0,0.0,0.0,0.0,0.0,0.0,0.0,0.0,0.0,0.0
313,313,0.0,0.0,0.0,0.0,0.0,0.0,2.3814773559570312,1.414620041847229,4.379868984222412,4.155574321746826,0.0,0.0,0.0,0.0,0.0,0.0,0.0,0.0,0.0,0.0,0.0,0.0,0.0,0.0,0.0,0.0
314,314,0.0,0.0,0.0,0.0,0.0,0.0,2.381833553314209,1.4046269655227661,4.363491058349609,4.161136150360107,0.0,0.0,0.0,0.0,0.0,0.0,0.0,0.0,0.0,0.0,0.0,0.0,0.0,0.0,0.0,0.0
315,315,0.0,0.0,0.0,0.0,0.0,0.0,2.382181406021118,1.3948644399642944,4.346920490264893,4.166924953460693,0.0,0.0,0.0,0.0,0.0,0.0,0.0,0.0,0.0,0.0,0.0,0.0,0.0,0.0,0.0,0.0
316,316,0.0,0.0,0.0,0.0,0.0,0.0,2.382521152496338,1.3853265047073364,4.33016300201416,4.172954082489014,0.0,0.0,0.0,0.0,0.0,0.0,0.0,0.0,0.0,0.0,0.0,0.0,0.0,0.0,0.0,0.0
317,317,0.0,0.0,0.0,0.0,0.0,0.0,2.3828535079956055,1.376007080078125,4.313224792480469,4.179239749908447,0.0,0.0,0.0,0.0,0.0,0.0,0.0,0.0,0.0,0.0,0.0,0.0,0.0,0.0,0.0,0.0
318,318,0.0,0.0,0.0,0.0,0.0,0.0,2.383178234100342,1.3669004440307617,4.296113014221191,4.185797214508057,0.0,0.0,0.0,0.0,0.0,0.0,0.0,0.0,0.0,0.0,0.0,0.0,0.0,0.0,0.0,0.0
319,319,0.0,0.0,0.0,0.0,0.0,0.0,2.383495807647705,1.3580007553100586,4.278835296630859,4.1926445960998535,0.0,0.0,0.0,0.0,0.0,0.0,0.0,0.0,0.0,0.0,0.0,0.0,0.0,0.0,0.0,0.0
320,320,0.0,0.0,0.0,0.0,0.0,0.0,2.3838064670562744,1.3493026494979858,4.261399269104004,4.199800491333008,0.0,0.0,0.0,0.0,0.0,0.0,0.0,0.0,0.0,0.0,0.0,0.0,0.0,0.0,0.0,0.0
321,321,0.0,0.0,0.0,0.0,0.0,0.0,2.384110689163208,1.340800404548645,4.243814468383789,4.2072858810424805,0.0,0.0,0.0,0.0,0.0,0.0,0.0,0.0,0.0,0.0,0.0,0.0,0.0,0.0,0.0,0.0
322,322,0.0,0.0,0.0,0.0,0.0,0.0,2.384408473968506,1.3324888944625854,4.226088523864746,4.215123653411865,0.0,0.0,0.0,0.0,0.0,0.0,0.0,0.0,0.0,0.0,0.0,0.0,0.0,0.0,0.0,0.0
323,323,0.0,0.0,0.0,0.0,0.0,0.0,2.384699821472168,1.324362874031067,4.208232402801514,4.2233381271362305,0.0,0.0,0.0,0.0,0.0,0.0,0.0,0.0,0.0,0.0,0.0,0.0,0.0,0.0,0.0,0.0
324,324,0.0,0.0,0.0,0.0,0.0,0.0,0.0,1.3164172172546387,4.190255641937256,4.2319560050964355,0.0,0.0,0.0,0.0,0.0,0.0,0.0,0.0,0.0,0.0,0.0,0.0,0.0,0.0,0.0,0.0
325,325,0.0,0.0,0.0,0.0,0.0,0.0,0.0,1.3086469173431396,4.172168731689453,4.241006374359131,0.0,0.0,0.0,0.0,0.0,0.0,0.0,0.0,0.0,0.0,0.0,0.0,0.0,0.0,0.0,0.0
326,326,0.0,0.0,0.0,0.0,0.0,0.0,0.0,1.3010472059249878,4.153983116149902,4.250521659851074,0.0,0.0,0.0,0.0,0.0,0.0,0.0,0.0,0.0,0.0,0.0,0.0,0.0,0.0,0.0,0.0
327,327,0.0,0.0,0.0,0.0,0.0,0.0,0.0,1.2936135530471802,4.135709285736084,4.2605366706848145,0.0,0.0,0.0,0.0,0.0,0.0,0.0,0.0,0.0,0.0,0.0,0.0,0.0,0.0,0.0,0.0
328,328,0.0,0.0,0.0,0.0,0.0,0.0,0.0,1.2863411903381348,4.117359638214111,4.271089553833008,0.0,0.0,0.0,0.0,0.0,0.0,0.0,0.0,0.0,0.0,0.0,0.0,0.0,0.0,0.0,0.0
329,329,0.0,0.0,0.0,0.0,0.0,0.0,0.0,1.2792258262634277,4.098945617675781,4.282223224639893,0.0,0.0,0.0,0.0,0.0,0.0,0.0,0.0,0.0,0.0,0.0,0.0,0.0,0.0,0.0,0.0
330,330,0.0,0.0,0.0,0.0,0.0,0.0,0.0,1.2722631692886353,4.080479621887207,4.2939839363098145,0.0,0.0,0.0,0.0,0.0,0.0,0.0,0.0,0.0,0.0,0.0,0.0,0.0,0.0,0.0,0.0
331,331,0.0,0.0,0.0,0.0,0.0,0.0,0.0,1.265448808670044,4.06197452545166,4.306423187255859,0.0,0.0,0.0,0.0,0.0,0.0,0.0,0.0,0.0,0.0,0.0,0.0,0.0,0.0,0.0,0.0
332,332,0.0,0.0,0.0,0.0,0.0,0.0,0.0,1.2587790489196777,4.043442726135254,4.319596767425537,0.0,0.0,0.0,0.0,0.0,0.0,0.0,0.0,0.0,0.0,0.0,0.0,0.0,0.0,0.0,0.0
333,333,0.0,0.0,0.0,0.0,0.0,0.0,0.0,1.2522495985031128,4.024896621704102,4.333567142486572,0.0,0.0,0.0,0.0,0.0,0.0,0.0,0.0,0.0,0.0,0.0,0.0,0.0,0.0,0.0,0.0
334,334,0.0,0.0,0.0,0.0,0.0,0.0,0.0,1.2458568811416626,4.006349086761475,4.348403453826904,0.0,0.0,0.0,0.0,0.0,0.0,0.0,0.0,0.0,0.0,0.0,0.0,0.0,0.0,0.0,0.0
335,335,0.0,0.0,0.0,0.0,0.0,0.0,0.0,1.239596962928772,3.9878134727478027,4.364181995391846,0.0,0.0,0.0,0.0,0.0,0.0,0.0,0.0,0.0,0.0,0.0,0.0,0.0,0.0,0.0,0.0
336,336,0.0,0.0,0.0,0.0,0.0,0.0,0.0,1.233466386795044,3.969301700592041,4.380987167358398,0.0,0.0,0.0,0.0,0.0,0.0,0.0,0.0,0.0,0.0,0.0,0.0,0.0,0.0,0.0,0.0
337,337,0.0,0.0,0.0,0.0,0.0,0.0,0.0,1.2274616956710815,3.950827121734619,4.398911476135254,0.0,0.0,0.0,0.0,0.0,0.0,0.0,0.0,0.0,0.0,0.0,0.0,0.0,0.0,0.0,0.0
338,338,0.0,0.0,0.0,0.0,0.0,0.0,0.0,1.2215794324874878,3.932401657104492,4.418059825897217,6.040878772735596,0.0,0.0,0.0,0.0,0.0,0.0,0.0,0.0,0.0,0.0,0.0,0.0,0.0,0.0,0.0
339,339,0.0,0.0,0.0,0.0,0.0,0.0,0.0,0.0,3.9140379428863525,4.438545227050781,6.047021865844727,0.0,0.0,0.0,0.0,0.0,0.0,0.0,0.0,0.0,0.0,0.0,0.0,0.0,0.0,0.0
340,340,0.0,0.0,0.0,0.0,0.0,0.0,0.0,0.0,3.895747661590576,4.4604949951171875,6.053288459777832,0.0,0.0,0.0,0.0,0.0,0.0,0.0,0.0,0.0,0.0,0.0,0.0,0.0,0.0,0.0
341,341,0.0,0.0,0.0,0.0,0.0,0.0,0.0,0.0,3.8775429725646973,4.484049320220947,6.0596818923950195,0.0,0.0,0.0,0.0,0.0,0.0,0.0,0.0,0.0,0.0,0.0,0.0,0.0,0.0,0.0
342,342,0.0,0.0,0.0,0.0,0.0,0.0,0.0,0.0,3.8594353199005127,4.5093607902526855,6.066206455230713,0.0,0.0,0.0,0.0,0.0,0.0,0.0,0.0,0.0,0.0,0.0,0.0,0.0,0.0,0.0
343,343,0.0,0.0,0.0,0.0,0.0,0.0,0.0,0.0,3.841435194015503,4.5365986824035645,6.072865009307861,0.0,0.0,0.0,0.0,0.0,0.0,0.0,0.0,0.0,0.0,0.0,0.0,0.0,0.0,0.0
344,344,0.0,0.0,0.0,0.0,0.0,0.0,0.0,0.0,3.8235538005828857,4.565946578979492,6.079660892486572,0.0,0.0,0.0,0.0,0.0,0.0,0.0,0.0,0.0,0.0,0.0,0.0,0.0,0.0,0.0
345,345,0.0,0.0,0.0,0.0,0.0,0.0,0.0,0.0,3.8058009147644043,4.597603797912598,6.086598873138428,0.0,0.0,0.0,0.0,0.0,0.0,0.0,0.0,0.0,0.0,0.0,0.0,0.0,0.0,0.0
346,346,0.0,0.0,0.0,0.0,0.0,0.0,0.0,0.0,3.788186550140381,4.631782531738281,6.093681335449219,0.0,0.0,0.0,0.0,0.0,0.0,0.0,0.0,0.0,0.0,0.0,0.0,0.0,0.0,0.0
347,347,0.0,0.0,0.0,0.0,0.0,0.0,0.0,0.0,3.770719528198242,4.668707370758057,6.1009135246276855,0.0,0.0,0.0,0.0,0.0,0.0,0.0,0.0,0.0,0.0,0.0,0.0,0.0,0.0,0.0
348,348,0.0,0.0,0.0,0.0,0.0,0.0,0.0,0.0,3.753408908843994,4.708610534667969,6.108299255371094,0.0,0.0,0.0,0.0,0.0,0.0,0.0,0.0,0.0,0.0,0.0,0.0,0.0,0.0,0.0
349,349,0.0,0.0,0.0,0.0,0.0,0.0,0.0,0.0,3.736262798309326,4.751724720001221,6.115841865539551,0.0,0.0,0.0,0.0,0.0,0.0,0.0,0.0,0.0,0.0,0.0,0.0,0.0,0.0,0.0
350,350,0.0,0.0,0.0,0.0,0.0,0.0,0.0,0.0,3.7192888259887695,4.79827356338501,6.123546600341797,0.0,0.0,0.0,0.0,0.0,0.0,0.0,0.0,0.0,0.0,0.0,0.0,0.0,0.0,0.0
351,351,0.0,0.0,0.0,0.0,0.0,0.0,0.0,0.0,3.702493906021118,4.848459243774414,6.131417274475098,0.0,0.0,0.0,0.0,0.0,0.0,0.0,0.0,0.0,0.0,0.0,0.0,0.0,0.0,0.0
352,352,0.0,0.0,0.0,0.0,0.0,0.0,0.0,0.0,3.685884714126587,4.90244197845459,6.139458179473877,0.0,0.0,0.0,0.0,0.0,0.0,0.0,0.0,0.0,0.0,0.0,0.0,0.0,0.0,0.0
353,353,0.0,0.0,0.0,0.0,0.0,0.0,0.0,0.0,3.6694672107696533,4.960319519042969,6.147674560546875,0.0,0.0,0.0,0.0,0.0,0.0,0.0,0.0,0.0,0.0,0.0,0.0,0.0,0.0,0.0
354,354,0.0,0.0,0.0,0.0,0.0,0.0,0.0,0.0,3.6532466411590576,5.022100448608398,6.156070709228516,0.0,0.0,0.0,0.0,0.0,0.0,0.0,0.0,0.0,0.0,0.0,0.0,0.0,0.0,0.0
355,355,0.0,0.0,0.0,0.0,0.0,0.0,0.0,0.0,3.63722825050354,5.087674617767334,6.164651393890381,0.0,0.0,0.0,0.0,0.0,0.0,0.0,0.0,0.0,0.0,0.0,0.0,0.0,0.0,0.0
356,356,0.0,0.0,0.0,0.0,0.0,0.0,0.0,0.0,3.621415853500366,5.156790733337402,6.173421859741211,0.0,0.0,0.0,0.0,0.0,0.0,0.0,0.0,0.0,0.0,0.0,0.0,0.0,0.0,0.0
357,357,0.0,0.0,0.0,0.0,0.0,0.0,0.0,0.0,3.60581374168396,5.229034900665283,6.182386875152588,0.0,0.0,0.0,0.0,0.0,0.0,0.0,0.0,0.0,0.0,0.0,0.0,0.0,0.0,0.0
358,358,0.0,0.0,0.0,0.0,0.0,0.0,0.0,0.0,3.5904252529144287,5.303825855255127,6.191551685333252,0.0,0.0,0.0,0.0,0.0,0.0,0.0,0.0,0.0,0.0,0.0,0.0,0.0,0.0,0.0
359,359,0.0,0.0,0.0,0.0,0.0,0.0,0.0,0.0,3.5752527713775635,5.380429744720459,6.200921535491943,0.0,0.0,0.0,0.0,0.0,0.0,0.0,0.0,0.0,0.0,0.0,0.0,0.0,0.0,0.0
360,360,0.0,0.0,0.0,0.0,0.0,0.0,0.0,0.0,3.5602989196777344,5.457993984222412,6.210501670837402,0.0,0.0,0.0,0.0,0.0,0.0,0.0,0.0,0.0,0.0,0.0,0.0,0.0,0.0,0.0
361,361,0.0,0.0,0.0,0.0,0.0,0.0,0.0,0.0,3.545565605163574,5.535597801208496,6.220297813415527,0.0,0.0,0.0,0.0,0.0,0.0,0.0,0.0,0.0,0.0,0.0,0.0,0.0,0.0,0.0
362,362,0.0,0.0,0.0,0.0,0.0,0.0,0.0,0.0,3.5310540199279785,5.612318992614746,6.230315208435059,0.0,0.0,0.0,0.0,0.0,0.0,0.0,0.0,0.0,0.0,0.0,0.0,0.0,0.0,0.0
363,363,0.0,0.0,0.0,0.0,0.0,0.0,0.0,0.0,3.5167653560638428,5.687295436859131,6.240559101104736,0.0,0.0,0.0,0.0,0.0,0.0,0.0,0.0,0.0,0.0,0.0,0.0,0.0,0.0,0.0
364,364,0.0,0.0,0.0,0.0,0.0,0.0,0.0,0.0,3.5027003288269043,5.759782314300537,6.251035690307617,0.0,0.0,0.0,0.0,0.0,0.0,0.0,0.0,0.0,0.0,0.0,0.0,0.0,0.0,0.0
365,365,0.0,0.0,0.0,0.0,0.0,0.0,0.0,0.0,3.488858938217163,5.829184532165527,6.261750221252441,0.0,0.0,0.0,0.0,0.0,0.0,0.0,0.0,0.0,0.0,0.0,0.0,0.0,0.0,0.0
366,366,0.0,0.0,0.0,0.0,0.0,0.0,0.0,0.0,3.4752414226531982,5.895073890686035,6.272709369659424,0.0,0.0,0.0,0.0,0.0,0.0,0.0,0.0,0.0,0.0,0.0,0.0,0.0,0.0,0.0
367,367,0.0,0.0,0.0,0.0,0.0,0.0,0.0,0.0,3.4618470668792725,5.957184791564941,0.0007325381739065051,0.0,0.0,0.0,0.0,0.0,0.0,0.0,0.0,0.0,0.0,0.0,0.0,0.0,0.0,0.0
368,368,0.0,0.0,0.0,0.0,0.0,0.0,0.0,0.0,3.4486751556396484,6.015397548675537,0.0121967364102602,0.0,0.0,0.0,0.0,0.0,0.0,0.0,0.0,0.0,0.0,0.0,0.0,0.0,0.0,0.0
369,369,0.0,0.0,0.0,0.0,0.0,0.0,0.0,0.0,3.4357247352600098,6.069710731506348,0.023922352120280266,0.0,0.0,0.0,0.0,0.0,0.0,0.0,0.0,0.0,0.0,0.0,0.0,0.0,0.0,0.0
370,370,0.0,0.0,0.0,0.0,0.0,0.0,0.0,0.0,3.422994613647461,6.12021541595459,0.035915203392505646,0.0,0.0,0.0,0.0,0.0,0.0,0.0,0.0,0.0,0.0,0.0,0.0,0.0,0.0,0.0
371,371,0.0,0.0,0.0,0.0,0.0,0.0,0.0,0.0,3.4104831218719482,6.1670684814453125,0.04818105697631836,0.0,0.0,0.0,0.0,0.0,0.0,0.0,0.0,0.0,0.0,0.0,0.0,0.0,0.0,0.0
372,372,0.0,0.0,0.0,0.0,0.0,0.0,0.0,0.0,3.398188591003418,6.210468292236328,0.0607256144285202,0.0,0.0,0.0,0.0,0.0,0.0,0.0,0.0,0.0,0.0,0.0,0.0,0.0,0.0,0.0
373,373,0.0,0.0,0.0,0.0,0.0,0.0,0.0,0.0,3.386108875274658,6.250637531280518,0.07355451583862305,0.0,0.0,0.0,0.0,0.0,0.0,0.0,0.0,0.0,0.0,0.0,0.0,0.0,0.0,0.0
374,374,0.0,0.0,0.0,0.0,0.0,0.0,0.0,0.0,3.3742423057556152,0.004623373970389366,0.08667327463626862,0.0,0.0,0.0,0.0,0.0,0.0,0.0,0.0,0.0,0.0,0.0,0.0,0.0,0.0,0.0
375,375,0.0,0.0,0.0,0.0,0.0,0.0,0.0,0.0,3.36258602142334,0.03902869671583176,0.1000872403383255,0.0,0.0,0.0,0.0,0.0,0.0,0.0,0.0,0.0,0.0,0.0,0.0,0.0,0.0,0.0
376,376,0.0,0.0,0.0,0.0,0.0,0.0,0.0,0.0,3.35113787651062,0.07089357078075409,0.11380164325237274,0.0,0.0,0.0,0.0,0.0,0.0,0.0,0.0,0.0,0.0,0.0,0.0,0.0,0.0,0.0
377,377,0.0,0.0,0.0,0.0,0.0,0.0,0.0,0.0,3.339895009994507,0.1004318967461586,0.1278214454650879,0.0,0.0,0.0,0.0,0.0,0.0,0.0,0.0,0.0,0.0,0.0,0.0,0.0,0.0,0.0
378,378,0.0,0.0,0.0,0.0,0.0,0.0,0.0,0.0,3.328855037689209,0.12784379720687866,0.1421513855457306,0.0,0.0,0.0,0.0,0.0,0.0,0.0,0.0,0.0,0.0,0.0,0.0,0.0,0.0,0.0
379,379,0.0,0.0,0.0,0.0,0.0,0.0,0.0,0.0,3.3180153369903564,0.15331435203552246,0.1567959189414978,0.0,0.0,0.0,0.0,0.0,0.0,0.0,0.0,0.0,0.0,0.0,0.0,0.0,0.0,0.0
380,380,0.0,0.0,0.0,0.0,0.0,0.0,0.0,0.0,3.3073723316192627,0.17701342701911926,0.17175912857055664,0.0,0.0,0.0,0.0,0.0,0.0,0.0,0.0,0.0,0.0,0.0,0.0,0.0,0.0,0.0
381,381,0.0,0.0,0.0,0.0,0.0,0.0,0.0,0.0,3.2969236373901367,0.19909605383872986,0.18704473972320557,0.0,0.0,0.0,0.0,0.0,0.0,0.0,0.0,0.0,0.0,0.0,0.0,0.0,0.0,0.0
382,382,0.0,0.0,0.0,0.0,0.0,0.0,0.0,0.0,3.28666615486145,0.2197030931711197,0.20265603065490723,0.0,0.0,0.0,0.0,0.0,0.0,0.0,0.0,0.0,0.0,0.0,0.0,0.0,0.0,0.0
383,383,0.0,0.0,0.0,0.0,0.0,0.0,0.0,0.0,3.2765965461730957,0.23896214365959167,0.21859578788280487,0.0,0.0,0.0,0.0,0.0,0.0,0.0,0.0,0.0,0.0,0.0,0.0,0.0,0.0,0.0
384,384,0.0,0.0,0.0,0.0,0.0,0.0,0.0,0.0,3.266711711883545,0.2569887042045593,0.23486627638339996,0.0,0.0,0.0,0.0,0.0,0.0,0.0,0.0,0.0,0.0,0.0,0.0,0.0,0.0,0.0
385,385,0.0,0.0,0.0,0.0,0.0,0.0,0.0,0.0,3.2570087909698486,0.27388709783554077,0.25146913528442383,0.0,0.0,0.0,0.0,0.0,0.0,0.0,0.0,0.0,0.0,0.0,0.0,0.0,0.0,0.0
386,386,0.0,0.0,0.0,0.0,0.0,0.0,0.0,0.0,3.2474844455718994,0.2897515296936035,0.26840534806251526,0.0,0.0,0.0,0.0,0.0,0.0,0.0,0.0,0.0,0.0,0.0,0.0,0.0,0.0,0.0
387,387,0.0,0.0,0.0,0.0,0.0,0.0,0.0,0.0,3.23813533782959,0.30466705560684204,0.2856752276420593,0.0,0.0,0.0,0.0,0.0,0.0,0.0,0.0,0.0,0.0,0.0,0.0,0.0,0.0,0.0
388,388,0.0,0.0,0.0,0.0,0.0,0.0,0.0,0.0,3.2289583683013916,0.3187105655670166,0.3032781779766083,0.0,0.0,0.0,0.0,0.0,0.0,0.0,0.0,0.0,0.0,0.0,0.0,0.0,0.0,0.0
389,389,0.0,0.0,0.0,0.0,0.0,0.0,0.0,0.0,3.2199504375457764,0.3319515585899353,0.3212129473686218,0.0,0.0,0.0,0.0,0.0,0.0,0.0,0.0,0.0,0.0,0.0,0.0,0.0,0.0,0.0
390,390,0.0,0.0,0.0,0.0,0.0,0.0,0.0,0.0,3.211108446121216,0.3444528877735138,0.33947721123695374,0.0,0.0,0.0,0.0,0.0,0.0,0.0,0.0,0.0,0.0,0.0,0.0,0.0,0.0,0.0
391,391,0.0,0.0,0.0,0.0,0.0,0.0,0.0,0.0,3.2024288177490234,0.3562714755535126,0.3580677807331085,0.0,0.0,0.0,0.0,0.0,0.0,0.0,0.0,0.0,0.0,0.0,0.0,0.0,0.0,0.0
392,392,0.0,0.0,0.0,0.0,0.0,0.0,0.0,0.0,3.193908929824829,0.3674589693546295,0.3769804537296295,0.0,0.0,0.0,0.0,0.0,0.0,0.0,0.0,0.0,0.0,0.0,0.0,0.0,0.0,0.0
393,393,0.0,0.0,0.0,0.0,0.0,0.0,0.0,0.0,3.185544967651367,0.3780622184276581,0.3962099552154541,0.0,0.0,0.0,0.0,0.0,0.0,0.0,0.0,0.0,0.0,0.0,0.0,0.0,0.0,0.0
394,394,0.0,0.0,0.0,0.0,0.0,0.0,0.0,0.0,3.1773345470428467,0.38812384009361267,0.41574984788894653,0.0,0.0,0.0,0.0,0.0,0.0,0.0,0.0,0.0,0.0,0.0,0.0,0.0,0.0,0.0
395,395,0.0,0.0,0.0,0.0,0.0,0.0,0.0,0.0,3.169274091720581,0.3976825773715973,0.4355926215648651,0.0,0.0,0.0,0.0,0.0,0.0,0.0,0.0,0.0,0.0,0.0,0.0,0.0,0.0,0.0
396,396,0.0,0.0,0.0,0.0,0.0,0.0,0.0,0.0,3.161360502243042,0.40677380561828613,0.45572954416275024,0.0,0.0,0.0,0.0,0.0,0.0,0.0,0.0,0.0,0.0,0.0,0.0,0.0,0.0,0.0
397,397,0.0,0.0,0.0,0.0,0.0,0.0,0.0,0.0,3.1535911560058594,0.4154297411441803,0.4761506915092468,0.0,0.0,0.0,0.0,0.0,0.0,0.0,0.0,0.0,0.0,0.0,0.0,0.0,0.0,0.0
398,398,0.0,0.0,0.0,0.0,0.0,0.0,0.0,0.0,3.145962953567505,0.4236799478530884,0.4968448579311371,0.0,0.0,0.0,0.0,0.0,0.0,0.0,0.0,0.0,0.0,0.0,0.0,0.0,0.0,0.0
399,399,0.0,0.0,0.0,0.0,0.0,0.0,0.0,0.0,3.13847279548645,0.43155133724212646,0.5177996754646301,0.0,0.0,0.0,0.0,0.0,0.0,0.0,0.0,0.0,0.0,0.0,0.0,0.0,0.0,0.0
400,400,0.0,0.0,0.0,0.0,0.0,0.0,0.0,0.0,0.0,0.4390687048435211,0.5390015840530396,0.0,0.0,0.0,0.0,0.0,0.0,0.0,0.0,0.0,0.0,0.0,0.0,0.0,0.0,0.0
401,401,0.0,0.0,0.0,0.0,0.0,0.0,0.0,0.0,0.0,0.44625476002693176,0.5604356527328491,0.0,0.0,0.0,0.0,0.0,0.0,0.0,0.0,0.0,0.0,0.0,0.0,0.0,0.0,0.0
402,402,0.0,0.0,0.0,0.0,0.0,0.0,0.0,0.0,0.0,0.4531303644180298,0.582085907459259,0.0,0.0,0.0,0.0,0.0,0.0,0.0,0.0,0.0,0.0,0.0,0.0,0.0,0.0,0.0
403,403,0.0,0.0,0.0,0.0,0.0,0.0,0.0,0.0,0.0,0.45971474051475525,0.6039353013038635,0.0,0.0,0.0,0.0,0.0,0.0,0.0,0.0,0.0,0.0,0.0,0.0,0.0,0.0,0.0
404,404,0.0,0.0,0.0,0.0,0.0,0.0,0.0,0.0,0.0,0.46602562069892883,0.6259655356407166,4.815044403076172,0.0,0.0,0.0,0.0,0.0,0.0,0.0,0.0,0.0,0.0,0.0,0.0,0.0,0.0
405,405,0.0,0.0,0.0,0.0,0.0,0.0,0.0,0.0,0.0,0.472079336643219,0.6481574773788452,4.824124813079834,0.0,0.0,0.0,0.0,0.0,0.0,0.0,0.0,0.0,0.0,0.0,0.0,0.0,0.0
406,406,0.0,0.0,0.0,0.0,0.0,0.0,0.0,0.0,0.0,0.4778909981250763,0.6704909801483154,4.833340167999268,0.0,0.0,0.0,0.0,0.0,0.0,0.0,0.0,0.0,0.0,0.0,0.0,0.0,0.0
407,407,0.0,0.0,0.0,0.0,0.0,0.0,0.0,0.0,0.0,0.4834745526313782,0.6929450631141663,4.842693328857422,0.0,0.0,0.0,0.0,0.0,0.0,0.0,0.0,0.0,0.0,0.0,0.0,0.0,0.0
408,408,0.0,0.0,0.0,0.0,0.0,0.0,0.0,0.0,0.0,0.48884302377700806,0.715498149394989,4.852184295654297,0.0,0.0,0.0,0.0,0.0,0.0,0.0,0.0,0.0,0.0,0.0,0.0,0.0,0.0
409,409,0.0,0.0,0.0,0.0,0.0,0.0,0.0,0.0,0.0,0.4940083622932434,0.7381279468536377,4.861814975738525,0.0,0.0,0.0,0.0,0.0,0.0,0.0,0.0,0.0,0.0,0.0,0.0,0.0,0.0
410,410,0.0,0.0,0.0,0.0,0.0,0.0,0.0,0.0,0.0,0.498981773853302,0.7608117461204529,4.87158727645874,0.0,0.0,0.0,0.0,0.0,0.0,0.0,0.0,0.0,0.0,0.0,0.0,0.0,0.0
411,411,0.0,0.0,0.0,0.0,0.0,0.0,0.0,0.0,0.0,0.50377357006073,0.783526599407196,4.8815016746521,0.0,0.0,0.0,0.0,0.0,0.0,0.0,0.0,0.0,0.0,0.0,0.0,0.0,0.0
412,412,0.0,0.0,0.0,0.0,0.0,0.0,0.0,0.0,0.0,0.5083934664726257,0.8062491416931152,4.891559600830078,0.0,0.0,0.0,0.0,0.0,0.0,0.0,0.0,0.0,0.0,0.0,0.0,0.0,0.0
413,413,0.0,0.0,0.0,0.0,0.0,0.0,0.0,0.0,0.0,0.5128504037857056,0.8289561867713928,4.90176248550415,0.0,0.0,0.0,0.0,0.0,0.0,0.0,0.0,0.0,0.0,0.0,0.0,0.0,0.0
414,414,0.0,0.0,0.0,0.0,0.0,0.0,0.0,0.0,0.0,0.5171528458595276,0.8516244888305664,4.912110805511475,0.0,0.0,0.0,0.0,0.0,0.0,0.0,0.0,0.0,0.0,0.0,0.0,0.0,0.0
415,415,0.0,0.0,0.0,0.0,0.0,0.0,0.0,0.0,0.0,0.5213085412979126,0.874231219291687,4.922605991363525,0.0,0.0,0.0,0.0,0.0,0.0,0.0,0.0,0.0,0.0,0.0,0.0,0.0,0.0
416,416,0.0,0.0,0.0,0.0,0.0,0.0,0.0,0.0,0.0,0.5253248810768127,0.89675372838974,4.933248519897461,0.0,0.0,0.0,0.0,0.0,0.0,0.0,0.0,0.0,0.0,0.0,0.0,0.0,0.0
417,417,0.0,0.0,0.0,0.0,0.0,0.0,0.0,0.0,0.0,0.5292086601257324,0.9191699624061584,4.944039821624756,0.0,0.0,0.0,0.0,0.0,0.0,0.0,0.0,0.0,0.0,0.0,0.0,0.0,0.0
418,418,0.0,0.0,0.0,0.0,0.0,0.0,0.0,0.0,0.0,0.5329663753509521,0.9414584636688232,4.954979419708252,0.0,0.0,0.0,0.0,0.0,0.0,0.0,0.0,0.0,0.0,0.0,0.0,0.0,0.0
419,419,0.0,0.0,0.0,0.0,0.0,0.0,0.0,0.0,0.0,0.5366039872169495,0.9635986685752869,4.966068744659424,0.0,0.0,0.0,0.0,0.0,0.0,0.0,0.0,0.0,0.0,0.0,0.0,0.0,0.0
420,420,0.0,0.0,0.0,0.0,0.0,0.0,0.0,0.0,0.0,0.5401272177696228,0.9855706095695496,4.9773077964782715,0.0,0.0,0.0,0.0,0.0,0.0,0.0,0.0,0.0,0.0,0.0,0.0,0.0,0.0
421,421,0.0,0.0,0.0,0.0,0.0,0.0,0.0,0.0,0.0,0.5435412526130676,1.0073554515838623,4.988696575164795,0.0,0.0,0.0,0.0,0.0,0.0,0.0,0.0,0.0,0.0,0.0,0.0,0.0,0.0
422,422,0.0,0.0,0.0,0.0,0.0,0.0,0.0,0.0,0.0,0.5468512177467346,1.028935432434082,5.000235557556152,0.0,0.0,0.0,0.0,0.0,0.0,0.0,0.0,0.0,0.0,0.0,0.0,0.0,0.0
423,423,0.0,0.0,0.0,0.0,0.0,0.0,0.0,0.0,0.0,0.5500616431236267,1.0502936840057373,5.011924743652344,0.0,0.0,0.0,0.0,0.0,0.0,0.0,0.0,0.0,0.0,0.0,0.0,0.0,0.0
424,424,0.0,0.0,0.0,0.0,0.0,0.0,0.0,0.0,0.0,0.5531771183013916,1.071414589881897,5.023763179779053,5.437635898590088,0.0,0.0,0.0,0.0,0.0,0.0,0.0,0.0,0.0,0.0,0.0,0.0,0.0
425,425,0.0,0.0,0.0,0.0,0.0,0.0,0.0,0.0,0.0,0.556201696395874,1.092283844947815,5.0357513427734375,5.436318874359131,0.0,0.0,0.0,0.0,0.0,0.0,0.0,0.0,0.0,0.0,0.0,0.0,0.0
426,426,0.0,0.0,0.0,0.0,0.0,0.0,0.0,0.0,0.0,0.5591393113136292,1.1128880977630615,5.047887802124023,5.434968948364258,0.0,0.0,0.0,0.0,0.0,0.0,0.0,0.0,0.0,0.0,0.0,0.0,0.0
427,427,0.0,0.0,0.0,0.0,0.0,0.0,0.0,0.0,0.0,0.5619937181472778,1.1332154273986816,5.0601725578308105,5.433586120605469,0.0,0.0,0.0,0.0,0.0,0.0,0.0,0.0,0.0,0.0,0.0,0.0,0.0
428,428,0.0,0.0,0.0,0.0,0.0,0.0,0.0,0.0,0.0,0.564768373966217,1.1532549858093262,5.072604179382324,5.432168483734131,0.0,0.0,0.0,0.0,0.0,0.0,0.0,0.0,0.0,0.0,0.0,0.0,0.0
429,429,0.0,0.0,0.0,0.0,0.0,0.0,0.0,0.0,0.0,0.5674666166305542,1.1729973554611206,5.08518123626709,5.430715084075928,0.0,0.0,0.0,0.0,0.0,0.0,0.0,0.0,0.0,0.0,0.0,0.0,0.0
430,430,0.0,0.0,0.0,0.0,0.0,0.0,0.0,0.0,0.0,0.5700916051864624,1.1924341917037964,5.097902774810791,5.429224491119385,0.0,0.0,0.0,0.0,0.0,0.0,0.0,0.0,0.0,0.0,0.0,0.0,0.0
431,431,0.0,0.0,0.0,0.0,0.0,0.0,0.0,0.0,0.0,0.5726462006568909,1.2115583419799805,5.110766887664795,5.427695274353027,0.0,0.0,0.0,0.0,0.0,0.0,0.0,0.0,0.0,0.0,0.0,0.0,0.0
432,432,0.0,0.0,0.0,0.0,0.0,0.0,0.0,0.0,0.0,0.5751333236694336,1.2303636074066162,5.123772144317627,5.426126003265381,0.0,0.0,0.0,0.0,0.0,0.0,0.0,0.0,0.0,0.0,0.0,0.0,0.0
433,433,0.0,0.0,0.0,0.0,0.0,0.0,0.0,0.0,0.0,0.5775556564331055,1.2488453388214111,5.136916160583496,5.424515247344971,0.0,0.0,0.0,0.0,0.0,0.0,0.0,0.0,0.0,0.0,0.0,0.0,0.0
434,434,0.0,0.0,0.0,0.0,0.0,0.0,0.0,0.0,0.0,0.5799155831336975,1.2669994831085205,5.150196552276611,5.422861099243164,0.0,0.0,0.0,0.0,0.0,0.0,0.0,0.0,0.0,0.0,0.0,0.0,0.0
435,435,0.0,0.0,0.0,0.0,0.0,0.0,0.0,0.0,0.0,0.5822156071662903,1.2848231792449951,5.163610935211182,5.421161651611328,0.0,0.0,0.0,0.0,0.0,0.0,0.0,0.0,0.0,0.0,0.0,0.0,0.0
436,436,0.0,0.0,0.0,0.0,0.0,0.0,0.0,0.0,0.0,0.5844579935073853,1.3023145198822021,5.177156448364258,5.4194159507751465,0.0,0.0,0.0,0.0,0.0,0.0,0.0,0.0,0.0,0.0,0.0,0.0,0.0
437,437,0.0,0.0,0.0,0.0,0.0,0.0,0.0,0.0,0.0,0.5866449475288391,1.319472312927246,5.190830230712891,5.41762113571167,0.0,0.0,0.0,0.0,0.0,0.0,0.0,0.0,0.0,0.0,0.0,0.0,0.0
438,438,0.0,0.0,0.0,0.0,0.0,0.0,0.0,0.0,0.0,0.5887784361839294,1.336296558380127,5.204628944396973,5.415775775909424,0.0,0.0,0.0,0.0,0.0,0.0,0.0,0.0,0.0,0.0,0.0,0.0,0.0
439,439,0.0,0.0,0.0,0.0,0.0,0.0,0.0,0.0,0.0,0.5908604264259338,1.3527874946594238,5.2185492515563965,5.413877964019775,0.0,0.0,0.0,0.0,0.0,0.0,0.0,0.0,0.0,0.0,0.0,0.0,0.0
440,440,0.0,0.0,0.0,0.0,0.0,0.0,0.0,0.0,0.0,0.5928928852081299,1.3689465522766113,5.232586860656738,5.411924839019775,0.0,0.0,0.0,0.0,0.0,0.0,0.0,0.0,0.0,0.0,0.0,0.0,0.0
441,441,0.0,0.0,0.0,0.0,0.0,0.0,0.0,0.0,0.0,0.5948774814605713,1.3847755193710327,5.246737957000732,5.409914493560791,0.0,0.0,0.0,0.0,0.0,0.0,0.0,0.0,0.0,0.0,0.0,0.0,0.0
442,442,0.0,0.0,0.0,0.0,0.0,0.0,0.0,0.0,0.0,0.5968159437179565,1.400276780128479,5.260998249053955,5.407844066619873,0.0,0.0,0.0,0.0,0.0,0.0,0.0,0.0,0.0,0.0,0.0,0.0,0.0
443,443,0.0,0.0,0.0,0.0,0.0,0.0,0.0,0.0,0.0,0.5987099409103394,1.415453314781189,5.275363922119141,5.4057111740112305,0.0,0.0,0.0,0.0,0.0,0.0,0.0,0.0,0.0,0.0,0.0,0.0,0.0
444,444,0.0,0.0,0.0,0.0,0.0,0.0,0.0,0.0,0.0,0.6005609631538391,1.4303085803985596,5.289829254150391,5.403512954711914,0.0,0.0,0.0,0.0,0.0,0.0,0.0,0.0,0.0,0.0,0.0,0.0,0.0
445,445,0.0,0.0,0.0,0.0,0.0,0.0,0.0,0.0,0.0,0.0,1.444846510887146,5.304389476776123,5.401246070861816,0.0,0.0,0.0,0.0,0.0,0.0,0.0,0.0,0.0,0.0,0.0,0.0,0.0
446,446,0.0,0.0,0.0,0.0,0.0,0.0,0.0,0.0,0.0,0.0,1.459071159362793,5.319039821624756,5.3989081382751465,0.0,0.0,0.0,0.0,0.0,0.0,0.0,0.0,0.0,0.0,0.0,0.0,0.0
447,447,0.0,0.0,0.0,0.0,0.0,0.0,0.0,0.0,0.0,0.0,1.4729870557785034,5.333774566650391,5.396495342254639,0.0,0.0,0.0,0.0,0.0,0.0,0.0,0.0,0.0,0.0,0.0,0.0,0.0
448,448,0.0,0.0,0.0,0.0,0.0,0.0,0.0,0.0,0.0,0.0,1.4865992069244385,5.348587989807129,5.3940043449401855,0.0,0.0,0.0,0.0,0.0,0.0,0.0,0.0,0.0,0.0,0.0,0.0,0.0
449,449,0.0,0.0,0.0,0.0,0.0,0.0,0.0,0.0,0.0,0.0,1.4999125003814697,5.363474369049072,5.391430854797363,0.0,0.0,0.0,0.0,0.0,0.0,0.0,0.0,0.0,0.0,0.0,0.0,0.0
450,450,0.0,0.0,0.0,0.0,0.0,0.0,0.0,0.0,0.0,0.0,1.512932300567627,5.378427505493164,5.3887715339660645,0.0,0.0,0.0,0.0,0.0,0.0,0.0,0.0,0.0,0.0,0.0,0.0,0.0
451,451,0.0,0.0,0.0,0.0,0.0,0.0,0.0,0.0,0.0,0.0,1.52566397190094,5.393441677093506,5.386021614074707,0.0,0.0,0.0,0.0,0.0,0.0,0.0,0.0,0.0,0.0,0.0,0.0,0.0
452,452,0.0,0.0,0.0,0.0,0.0,0.0,0.0,0.0,0.0,0.0,1.5381131172180176,5.408510684967041,5.383176326751709,0.0,0.0,0.0,0.0,0.0,0.0,0.0,0.0,0.0,0.0,0.0,0.0,0.0
453,453,0.0,0.0,0.0,0.0,0.0,0.0,0.0,0.0,0.0,0.0,1.5502854585647583,5.423626899719238,5.3802313804626465,0.0,0.0,0.0,0.0,0.0,0.0,0.0,0.0,0.0,0.0,0.0,0.0,0.0
454,454,0.0,0.0,0.0,0.0,0.0,0.0,0.0,0.0,0.0,0.0,1.5621864795684814,5.438784599304199,5.377181053161621,0.0,0.0,0.0,0.0,0.0,0.0,0.0,0.0,0.0,0.0,0.0,0.0,0.0
455,455,0.0,0.0,0.0,0.0,0.0,0.0,0.0,0.0,0.0,0.0,1.5738221406936646,5.453977108001709,5.374020099639893,0.0,0.0,0.0,0.0,0.0,0.0,0.0,0.0,0.0,0.0,0.0,0.0,0.0
456,456,0.0,0.0,0.0,0.0,0.0,0.0,0.0,0.0,0.0,0.0,1.5851984024047852,5.4691972732543945,5.370742321014404,3.4808759689331055,0.0,0.0,0.0,0.0,0.0,0.0,0.0,0.0,0.0,0.0,0.0,0.0
457,457,0.0,0.0,0.0,0.0,0.0,0.0,0.0,0.0,0.0,0.0,1.5963207483291626,5.484438419342041,5.3673415184021,3.4765994548797607,0.0,0.0,0.0,0.0,0.0,0.0,0.0,0.0,0.0,0.0,0.0,0.0
458,458,0.0,0.0,0.0,0.0,0.0,0.0,0.0,0.0,0.0,0.0,1.607195258140564,5.499693393707275,5.363810062408447,3.47222638130188,0.0,0.0,0.0,0.0,0.0,0.0,0.0,0.0,0.0,0.0,0.0,0.0
459,459,0.0,0.0,0.0,0.0,0.0,0.0,0.0,0.0,0.0,0.0,1.6178275346755981,5.514955043792725,5.360141277313232,3.4677534103393555,0.0,0.0,0.0,0.0,0.0,0.0,0.0,0.0,0.0,0.0,0.0,0.0
460,460,0.0,0.0,0.0,0.0,0.0,0.0,0.0,0.0,0.0,0.0,1.6282235383987427,5.530216693878174,5.356327056884766,3.463177442550659,0.0,0.0,0.0,0.0,0.0,0.0,0.0,0.0,0.0,0.0,0.0,0.0
461,461,0.0,0.0,0.0,0.0,0.0,0.0,0.0,0.0,0.0,0.0,1.638388752937317,5.54547119140625,5.352358341217041,3.4584949016571045,0.0,0.0,0.0,0.0,0.0,0.0,0.0,0.0,0.0,0.0,0.0,0.0
462,462,0.0,0.0,0.0,0.0,0.0,0.0,0.0,0.0,0.0,0.0,1.6483289003372192,5.560711860656738,5.348226070404053,3.453702449798584,0.0,0.0,0.0,0.0,0.0,0.0,0.0,0.0,0.0,0.0,0.0,0.0
463,463,0.0,0.0,0.0,0.0,0.0,0.0,0.0,0.0,0.0,0.0,1.6580495834350586,5.575931072235107,5.3439202308654785,3.448796510696411,0.0,0.0,0.0,0.0,0.0,0.0,0.0,0.0,0.0,0.0,0.0,0.0
464,464,0.0,0.0,0.0,0.0,0.0,0.0,0.0,0.0,0.0,0.0,1.6675561666488647,5.591122150421143,5.33942985534668,3.443772792816162,0.0,0.0,0.0,0.0,0.0,0.0,0.0,0.0,0.0,0.0,0.0,0.0
465,465,0.0,0.0,0.0,0.0,0.0,0.0,0.0,0.0,0.0,0.0,1.676854133605957,5.606278896331787,5.334743022918701,3.4386277198791504,0.0,0.0,0.0,0.0,0.0,0.0,0.0,0.0,0.0,0.0,0.0,0.0
466,466,0.0,0.0,0.0,0.0,0.0,0.0,0.0,0.0,0.0,0.0,1.6859488487243652,5.62139368057251,5.32984733581543,3.433357000350952,0.0,0.0,0.0,0.0,0.0,0.0,0.0,0.0,0.0,0.0,0.0,0.0
467,467,0.0,0.0,0.0,0.0,0.0,0.0,0.0,0.0,0.0,0.0,1.69484543800354,5.636460781097412,5.324728488922119,3.4279563426971436,0.0,0.0,0.0,0.0,0.0,0.0,0.0,0.0,0.0,0.0,0.0,0.0
468,468,0.0,0.0,0.0,0.0,0.0,0.0,0.0,0.0,0.0,0.0,1.7035489082336426,5.651473045349121,5.319371223449707,3.4224212169647217,0.0,0.0,0.0,0.0,0.0,0.0,0.0,0.0,0.0,0.0,0.0,0.0
469,469,0.0,0.0,0.0,0.0,0.0,0.0,0.0,0.0,0.0,0.0,1.712064504623413,5.66642427444458,5.313758850097656,3.4167468547821045,0.0,0.0,0.0,0.0,0.0,0.0,0.0,0.0,0.0,0.0,0.0,0.0
470,470,0.0,0.0,0.0,0.0,0.0,0.0,0.0,0.0,0.0,0.0,1.720396876335144,5.681308269500732,5.307873725891113,3.410928249359131,0.0,0.0,0.0,0.0,0.0,0.0,0.0,0.0,0.0,0.0,0.0,0.0
471,471,0.0,0.0,0.0,0.0,0.0,0.0,0.0,0.0,0.0,0.0,1.728550910949707,5.69611930847168,5.301695346832275,3.4049606323242188,0.0,0.0,0.0,0.0,0.0,0.0,0.0,0.0,0.0,0.0,0.0,0.0
472,472,0.0,0.0,0.0,0.0,0.0,0.0,0.0,0.0,0.0,0.0,1.7365312576293945,5.710851192474365,5.295202732086182,3.3988382816314697,0.0,0.0,0.0,0.0,0.0,0.0,0.0,0.0,0.0,0.0,0.0,0.0
473,473,0.0,0.0,0.0,0.0,0.0,0.0,0.0,0.0,0.0,0.0,1.7443424463272095,5.725498199462891,5.288371562957764,3.3925559520721436,0.0,0.0,0.0,0.0,0.0,0.0,0.0,0.0,0.0,0.0,0.0,0.0
474,474,0.0,0.0,0.0,0.0,0.0,0.0,0.0,0.0,0.0,0.0,1.7519890069961548,5.740055561065674,5.28117561340332,3.3861074447631836,0.0,0.0,0.0,0.0,0.0,0.0,0.0,0.0,0.0,0.0,0.0,0.0
475,475,0.0,0.0,0.0,0.0,0.0,0.0,0.0,0.0,0.0,0.0,1.7594752311706543,5.754517555236816,5.273585796356201,3.3794870376586914,0.0,0.0,0.0,0.0,0.0,0.0,0.0,0.0,0.0,0.0,0.0,0.0
476,476,0.0,0.0,0.0,0.0,0.0,0.0,0.0,0.0,0.0,0.0,1.7668052911758423,5.7688798904418945,5.265569686889648,3.372688055038452,0.0,0.0,0.0,0.0,0.0,0.0,0.0,0.0,0.0,0.0,0.0,0.0
477,477,0.0,0.0,0.0,0.0,0.0,0.0,0.0,0.0,0.0,0.0,1.7739834785461426,5.78313684463501,5.257091999053955,3.36570405960083,0.0,0.0,0.0,0.0,0.0,0.0,0.0,0.0,0.0,0.0,0.0,0.0
478,478,0.0,0.0,0.0,0.0,0.0,0.0,0.0,0.0,0.0,0.0,1.7810136079788208,5.797284126281738,5.24811315536499,3.3585281372070312,0.0,0.0,0.0,0.0,0.0,0.0,0.0,0.0,0.0,0.0,0.0,0.0
479,479,0.0,0.0,0.0,0.0,0.0,0.0,0.0,0.0,0.0,0.0,1.7878997325897217,5.8113179206848145,5.238589286804199,3.3511531352996826,0.0,0.0,0.0,0.0,0.0,0.0,0.0,0.0,0.0,0.0,0.0,0.0
480,480,0.0,0.0,0.0,0.0,0.0,0.0,0.0,0.0,0.0,0.0,1.7946455478668213,5.825234413146973,5.228471279144287,3.343571186065674,0.0,0.0,0.0,0.0,0.0,0.0,0.0,0.0,0.0,0.0,0.0,0.0
481,481,0.0,0.0,0.0,0.0,0.0,0.0,0.0,0.0,0.0,0.0,1.8012547492980957,5.839028835296631,5.2177042961120605,3.3357748985290527,0.0,0.0,0.0,0.0,0.0,0.0,0.0,0.0,0.0,0.0,0.0,0.0
482,482,0.0,0.0,0.0,0.0,0.0,0.0,0.0,0.0,0.0,0.0,1.807731032371521,5.852698802947998,5.206226825714111,3.3277556896209717,0.0,0.0,0.0,0.0,0.0,0.0,0.0,0.0,0.0,0.0,0.0,0.0
483,483,0.0,0.0,0.0,0.0,0.0,0.0,0.0,0.0,0.0,0.0,1.8140777349472046,5.866240501403809,5.1939697265625,3.319504976272583,0.0,0.0,0.0,0.0,0.0,0.0,0.0,0.0,0.0,0.0,0.0,0.0
484,484,0.0,0.0,0.0,0.0,0.0,0.0,0.0,0.0,0.0,0.0,1.8202983140945435,5.879650592803955,5.180854797363281,3.311014175415039,0.0,0.0,0.0,0.0,0.0,0.0,0.0,0.0,0.0,0.0,0.0,0.0
485,485,0.0,0.0,0.0,0.0,0.0,0.0,0.0,0.0,0.0,0.0,1.826396107673645,5.8929266929626465,5.166794776916504,3.3022735118865967,0.0,0.0,0.0,0.0,0.0,0.0,0.0,0.0,0.0,0.0,0.0,0.0
486,486,0.0,0.0,0.0,0.0,0.0,0.0,0.0,0.0,0.0,0.0,0.0,5.906066417694092,5.1516900062561035,3.293273448944092,0.0,0.0,0.0,0.0,0.0,0.0,0.0,0.0,0.0,0.0,0.0,0.0
487,487,0.0,0.0,0.0,0.0,0.0,0.0,0.0,0.0,0.0,0.0,0.0,5.9190673828125,5.135426998138428,3.284003734588623,0.0,0.0,0.0,0.0,0.0,0.0,0.0,0.0,0.0,0.0,0.0,0.0
488,488,0.0,0.0,0.0,0.0,0.0,0.0,0.0,0.0,0.0,0.0,0.0,5.93192720413208,5.117877960205078,3.274454116821289,0.0,0.0,0.0,0.0,0.0,0.0,0.0,0.0,0.0,0.0,0.0,0.0
489,489,0.0,0.0,0.0,0.0,0.0,0.0,0.0,0.0,0.0,0.0,0.0,5.944644451141357,5.0988969802856445,3.264613151550293,0.0,0.0,0.0,0.0,0.0,0.0,0.0,0.0,0.0,0.0,0.0,0.0
490,490,0.0,0.0,0.0,0.0,0.0,0.0,0.0,0.0,0.0,0.0,0.0,5.957217216491699,5.0783162117004395,3.254469394683838,0.0,0.0,0.0,0.0,0.0,0.0,0.0,0.0,0.0,0.0,0.0,0.0
491,491,0.0,0.0,0.0,0.0,0.0,0.0,0.0,0.0,0.0,0.0,0.0,5.969644546508789,5.055945873260498,3.244011163711548,0.0,0.0,0.0,0.0,0.0,0.0,0.0,0.0,0.0,0.0,0.0,0.0
492,492,0.0,0.0,0.0,0.0,0.0,0.0,0.0,0.0,0.0,0.0,0.0,5.981924533843994,5.0315680503845215,3.2332258224487305,0.0,0.0,0.0,0.0,0.0,0.0,0.0,0.0,0.0,0.0,0.0,0.0
493,493,0.0,0.0,0.0,0.0,0.0,0.0,0.0,0.0,0.0,0.0,0.0,5.994056701660156,5.0049333572387695,3.2221004962921143,0.0,0.0,0.0,0.0,0.0,0.0,0.0,0.0,0.0,0.0,0.0,0.0
494,494,0.0,0.0,0.0,0.0,0.0,0.0,0.0,0.0,0.0,0.0,0.0,6.006040573120117,4.975757122039795,3.2106218338012695,0.0,0.0,0.0,0.0,0.0,0.0,0.0,0.0,0.0,0.0,0.0,0.0
495,495,0.0,0.0,0.0,0.0,0.0,0.0,0.0,0.0,0.0,0.0,0.0,6.0178751945495605,4.943716049194336,3.1987760066986084,0.0,0.0,0.0,0.0,0.0,0.0,0.0,0.0,0.0,0.0,0.0,0.0
496,496,0.0,0.0,0.0,0.0,0.0,0.0,0.0,0.0,0.0,0.0,0.0,6.02955961227417,4.908443450927734,3.1865484714508057,0.0,0.0,0.0,0.0,0.0,0.0,0.0,0.0,0.0,0.0,0.0,0.0
497,497,0.0,0.0,0.0,0.0,0.0,0.0,0.0,0.0,0.0,0.0,0.0,6.041094779968262,4.869528293609619,3.173924684524536,0.0,0.0,0.0,0.0,0.0,0.0,0.0,0.0,0.0,0.0,0.0,0.0
498,498,0.0,0.0,0.0,0.0,0.0,0.0,0.0,0.0,0.0,0.0,0.0,6.0524797439575195,4.82651424407959,3.160889148712158,0.0,0.0,0.0,0.0,0.0,0.0,0.0,0.0,0.0,0.0,0.0,0.0
499,499,0.0,0.0,0.0,0.0,0.0,0.0,0.0,0.0,0.0,0.0,0.0,6.063714504241943,4.778905391693115,3.147425889968872,0.0,0.0,0.0,0.0,0.0,0.0,0.0,0.0,0.0,0.0,0.0,0.0
500,500,0.0,0.0,0.0,0.0,0.0,0.0,0.0,0.0,0.0,0.0,0.0,6.07480001449585,4.726179599761963,3.133519172668457,0.0,0.0,0.0,0.0,0.0,0.0,0.0,0.0,0.0,0.0,0.0,0.0
501,501,0.0,0.0,0.0,0.0,0.0,0.0,0.0,0.0,0.0,0.0,0.0,6.08573579788208,4.667810916900635,3.119152069091797,0.0,0.0,0.0,0.0,0.0,0.0,0.0,0.0,0.0,0.0,0.0,0.0
502,502,0.0,0.0,0.0,0.0,0.0,0.0,0.0,0.0,0.0,0.0,0.0,6.096523284912109,4.6033101081848145,3.1043076515197754,0.0,0.0,0.0,0.0,0.0,0.0,0.0,0.0,0.0,0.0,0.0,0.0
503,503,0.0,0.0,0.0,0.0,0.0,0.0,0.0,0.0,0.0,0.0,0.0,6.1071624755859375,4.532285690307617,3.0889689922332764,0.0,0.0,0.0,0.0,0.0,0.0,0.0,0.0,0.0,0.0,0.0,0.0
504,504,0.0,0.0,0.0,0.0,0.0,0.0,0.0,0.0,0.0,0.0,0.0,6.117653846740723,4.454527378082275,3.073118209838867,0.0,0.0,0.0,0.0,0.0,0.0,0.0,0.0,0.0,0.0,0.0,0.0
505,505,0.0,0.0,0.0,0.0,0.0,0.0,0.0,0.0,0.0,0.0,0.0,6.1279988288879395,4.3701066970825195,3.0567381381988525,0.0,0.0,0.0,0.0,0.0,0.0,0.0,0.0,0.0,0.0,0.0,0.0
506,506,0.0,0.0,0.0,0.0,0.0,0.0,0.0,0.0,0.0,0.0,0.0,6.138198375701904,4.279484748840332,3.0398108959198,0.0,0.0,0.0,0.0,0.0,0.0,0.0,0.0,0.0,0.0,0.0,0.0
507,507,0.0,0.0,0.0,0.0,0.0,0.0,0.0,0.0,0.0,0.0,0.0,6.148252964019775,4.183593273162842,3.0223186016082764,0.0,0.0,0.0,0.0,0.0,0.0,0.0,0.0,0.0,0.0,0.0,0.0
508,508,0.0,0.0,0.0,0.0,0.0,0.0,0.0,0.0,0.0,0.0,0.0,6.1581645011901855,4.083851337432861,3.004244327545166,0.0,0.0,0.0,0.0,0.0,0.0,0.0,0.0,0.0,0.0,0.0,0.0
509,509,0.0,0.0,0.0,0.0,0.0,0.0,0.0,0.0,0.0,0.0,0.0,6.167933464050293,3.9820926189422607,2.9855709075927734,0.0,0.0,0.0,0.0,0.0,0.0,0.0,0.0,0.0,0.0,0.0,0.0
510,510,0.0,0.0,0.0,0.0,0.0,0.0,0.0,0.0,0.0,0.0,0.0,6.177561283111572,3.880384922027588,2.9662816524505615,0.0,0.0,0.0,0.0,0.0,0.0,0.0,0.0,0.0,0.0,0.0,0.0
511,511,0.0,0.0,0.0,0.0,0.0,0.0,0.0,0.0,0.0,0.0,0.0,6.187049865722656,3.7807905673980713,2.9463608264923096,0.0,0.0,0.0,0.0,0.0,0.0,0.0,0.0,0.0,0.0,0.0,0.0
512,512,0.0,0.0,0.0,0.0,0.0,0.0,0.0,0.0,0.0,0.0,0.0,6.196400165557861,3.6851253509521484,2.925793409347534,0.0,0.0,0.0,0.0,0.0,0.0,0.0,0.0,0.0,0.0,0.0,0.0
513,513,0.0,0.0,0.0,0.0,0.0,0.0,0.0,0.0,0.0,0.0,0.0,6.205613136291504,3.5947868824005127,2.9045662879943848,0.0,0.0,0.0,0.0,0.0,0.0,0.0,0.0,0.0,0.0,0.0,0.0
514,514,0.0,0.0,0.0,0.0,0.0,0.0,0.0,0.0,0.0,0.0,0.0,6.214691162109375,3.5106823444366455,2.882667064666748,0.0,0.0,0.0,0.0,0.0,0.0,0.0,0.0,0.0,0.0,0.0,0.0
515,515,0.0,0.0,0.0,0.0,0.0,0.0,0.0,0.0,0.0,0.0,0.0,0.0,3.43325138092041,2.8600852489471436,0.0,0.0,0.0,0.0,0.0,0.0,0.0,0.0,0.0,0.0,0.0,0.0
516,516,0.0,0.0,0.0,0.0,0.0,0.0,0.0,0.0,0.0,0.0,0.0,0.0,3.3625500202178955,2.836812734603882,0.0,0.0,0.0,0.0,0.0,0.0,0.0,0.0,0.0,0.0,0.0,0.0
517,517,0.0,0.0,0.0,0.0,0.0,0.0,0.0,0.0,0.0,0.0,0.0,0.0,3.298356533050537,2.8128442764282227,0.0,0.0,0.0,0.0,0.0,0.0,0.0,0.0,0.0,0.0,0.0,0.0
518,518,0.0,0.0,0.0,0.0,0.0,0.0,0.0,0.0,0.0,0.0,0.0,0.0,3.2402729988098145,2.7881765365600586,0.0,0.0,0.0,0.0,0.0,0.0,0.0,0.0,0.0,0.0,0.0,0.0
519,519,0.0,0.0,0.0,0.0,0.0,0.0,0.0,0.0,0.0,0.0,0.0,0.0,3.187807083129883,2.762810230255127,0.0,0.0,0.0,0.0,0.0,0.0,0.0,0.0,0.0,0.0,0.0,0.0
520,520,0.0,0.0,0.0,0.0,0.0,0.0,0.0,0.0,0.0,0.0,0.0,0.0,3.140432834625244,2.7367491722106934,0.0,0.0,0.0,0.0,0.0,0.0,0.0,0.0,0.0,0.0,0.0,0.0
521,521,0.0,0.0,0.0,0.0,0.0,0.0,0.0,0.0,0.0,0.0,0.0,0.0,3.097627878189087,2.7100017070770264,0.0,0.0,0.0,0.0,0.0,0.0,0.0,0.0,0.0,0.0,0.0,0.0
522,522,0.0,0.0,0.0,0.0,0.0,0.0,0.0,0.0,0.0,0.0,0.0,0.0,3.05889892578125,2.68257999420166,0.0,0.0,0.0,0.0,0.0,0.0,0.0,0.0,0.0,0.0,0.0,0.0
523,523,0.0,0.0,0.0,0.0,0.0,0.0,0.0,0.0,0.0,0.0,0.0,0.0,3.023791551589966,2.65450119972229,0.0,0.0,0.0,0.0,0.0,0.0,0.0,0.0,0.0,0.0,0.0,0.0
524,524,0.0,0.0,0.0,0.0,0.0,0.0,0.0,0.0,0.0,0.0,0.0,0.0,2.991896629333496,2.6257874965667725,0.0,0.0,0.0,0.0,0.0,0.0,0.0,0.0,0.0,0.0,0.0,0.0
525,525,0.0,0.0,0.0,0.0,0.0,0.0,0.0,0.0,0.0,0.0,0.0,0.0,2.9628500938415527,2.596466064453125,0.0,0.0,0.0,0.0,0.0,0.0,0.0,0.0,0.0,0.0,0.0,0.0
526,526,0.0,0.0,0.0,0.0,0.0,0.0,0.0,0.0,0.0,0.0,0.0,0.0,2.9363298416137695,2.5665695667266846,0.0,0.0,0.0,0.0,0.0,0.0,0.0,0.0,0.0,0.0,0.0,0.0
527,527,0.0,0.0,0.0,0.0,0.0,0.0,0.0,0.0,0.0,0.0,0.0,0.0,2.9120535850524902,2.5361359119415283,0.0,0.0,0.0,0.0,0.0,0.0,0.0,0.0,0.0,0.0,0.0,0.0
528,528,0.0,0.0,0.0,0.0,0.0,0.0,0.0,0.0,0.0,0.0,0.0,0.0,2.8897738456726074,2.505208730697632,0.0,0.0,0.0,0.0,0.0,0.0,0.0,0.0,0.0,0.0,0.0,0.0
529,529,0.0,0.0,0.0,0.0,0.0,0.0,0.0,0.0,0.0,0.0,0.0,0.0,2.8692739009857178,2.4738361835479736,0.0,0.0,0.0,0.0,0.0,0.0,0.0,0.0,0.0,0.0,0.0,0.0
530,530,0.0,0.0,0.0,0.0,0.0,0.0,0.0,0.0,0.0,0.0,0.0,0.0,2.8503644466400146,2.4420721530914307,0.0,0.0,0.0,0.0,0.0,0.0,0.0,0.0,0.0,0.0,0.0,0.0
531,531,0.0,0.0,0.0,0.0,0.0,0.0,0.0,0.0,0.0,0.0,0.0,0.0,2.8328797817230225,2.4099743366241455,0.0,0.0,0.0,0.0,0.0,0.0,0.0,0.0,0.0,0.0,0.0,0.0
532,532,0.0,0.0,0.0,0.0,0.0,0.0,0.0,0.0,0.0,0.0,0.0,0.0,2.8166744709014893,2.3776047229766846,0.0,0.0,0.0,0.0,0.0,0.0,0.0,0.0,0.0,0.0,0.0,0.0
533,533,0.0,0.0,0.0,0.0,0.0,0.0,0.0,0.0,0.0,0.0,0.0,0.0,2.8016209602355957,2.3450286388397217,0.0,0.0,0.0,0.0,0.0,0.0,0.0,0.0,0.0,0.0,0.0,0.0
534,534,0.0,0.0,0.0,0.0,0.0,0.0,0.0,0.0,0.0,0.0,0.0,0.0,2.787607431411743,2.3123137950897217,0.0,0.0,0.0,0.0,0.0,0.0,0.0,0.0,0.0,0.0,0.0,0.0
535,535,0.0,0.0,0.0,0.0,0.0,0.0,0.0,0.0,0.0,0.0,0.0,0.0,2.7745344638824463,2.2795298099517822,0.0,0.0,0.0,0.0,0.0,0.0,0.0,0.0,0.0,0.0,0.0,0.0
536,536,0.0,0.0,0.0,0.0,0.0,0.0,0.0,0.0,0.0,0.0,0.0,0.0,2.762315034866333,2.2467472553253174,0.0,0.0,0.0,0.0,0.0,0.0,0.0,0.0,0.0,0.0,0.0,0.0
537,537,0.0,0.0,0.0,0.0,0.0,0.0,0.0,0.0,0.0,0.0,0.0,0.0,2.7508716583251953,2.214036464691162,0.0,0.0,0.0,0.0,0.0,0.0,0.0,0.0,0.0,0.0,0.0,0.0
538,538,0.0,0.0,0.0,0.0,0.0,0.0,0.0,0.0,0.0,0.0,0.0,0.0,2.740135431289673,2.181467294692993,0.0,0.0,0.0,0.0,0.0,0.0,0.0,0.0,0.0,0.0,0.0,0.0
539,539,0.0,0.0,0.0,0.0,0.0,0.0,0.0,0.0,0.0,0.0,0.0,0.0,2.7300455570220947,2.149106979370117,0.0,0.0,0.0,0.0,0.0,0.0,0.0,0.0,0.0,0.0,0.0,0.0
540,540,0.0,0.0,0.0,0.0,0.0,0.0,0.0,0.0,0.0,0.0,0.0,0.0,2.7205471992492676,2.117021083831787,0.0,0.0,0.0,0.0,0.0,0.0,0.0,0.0,0.0,0.0,0.0,0.0
541,541,0.0,0.0,0.0,0.0,0.0,0.0,0.0,0.0,0.0,0.0,0.0,0.0,2.7115917205810547,2.0852713584899902,0.0,0.0,0.0,0.0,0.0,0.0,0.0,0.0,0.0,0.0,0.0,0.0
542,542,0.0,0.0,0.0,0.0,0.0,0.0,0.0,0.0,0.0,0.0,0.0,0.0,2.7031352519989014,2.053915500640869,0.0,0.0,0.0,0.0,0.0,0.0,0.0,0.0,0.0,0.0,0.0,0.0
543,543,0.0,0.0,0.0,0.0,0.0,0.0,0.0,0.0,0.0,0.0,0.0,0.0,2.695138454437256,2.0230066776275635,0.0,0.0,0.0,0.0,0.0,0.0,0.0,0.0,0.0,0.0,0.0,0.0
544,544,0.0,0.0,0.0,0.0,0.0,0.0,0.0,0.0,0.0,0.0,0.0,0.0,2.687566041946411,1.9925934076309204,0.0,0.0,0.0,0.0,0.0,0.0,0.0,0.0,0.0,0.0,0.0,0.0
545,545,0.0,0.0,0.0,0.0,0.0,0.0,0.0,0.0,0.0,0.0,0.0,0.0,2.6803858280181885,1.9627188444137573,0.0,0.0,0.0,0.0,0.0,0.0,0.0,0.0,0.0,0.0,0.0,0.0
546,546,0.0,0.0,0.0,0.0,0.0,0.0,0.0,0.0,0.0,0.0,0.0,0.0,2.6735692024230957,1.9334207773208618,0.0,0.0,0.0,0.0,0.0,0.0,0.0,0.0,0.0,0.0,0.0,0.0
547,547,0.0,0.0,0.0,0.0,0.0,0.0,0.0,0.0,0.0,0.0,0.0,0.0,2.6670897006988525,1.9047316312789917,0.0,0.0,0.0,0.0,0.0,0.0,0.0,0.0,0.0,0.0,0.0,0.0
548,548,0.0,0.0,0.0,0.0,0.0,0.0,0.0,0.0,0.0,0.0,0.0,0.0,2.660923719406128,1.8766783475875854,0.0,0.0,0.0,0.0,0.0,0.0,0.0,0.0,0.0,0.0,0.0,0.0
549,549,0.0,0.0,0.0,0.0,0.0,0.0,0.0,0.0,0.0,0.0,0.0,0.0,2.6550495624542236,1.8492830991744995,0.0,0.0,0.0,0.0,0.0,0.0,0.0,0.0,0.0,0.0,0.0,0.0
550,550,0.0,0.0,0.0,0.0,0.0,0.0,0.0,0.0,0.0,0.0,0.0,0.0,2.649447441101074,1.8225624561309814,4.1874518394470215,4.71560525894165,0.0,0.0,0.0,0.0,0.0,0.0,0.0,0.0,0.0,0.0
551,551,0.0,0.0,0.0,0.0,0.0,0.0,0.0,0.0,0.0,0.0,0.0,0.0,2.644099235534668,1.796528935432434,4.190894603729248,4.706430912017822,0.0,0.0,0.0,0.0,0.0,0.0,0.0,0.0,0.0,0.0
552,552,0.0,0.0,0.0,0.0,0.0,0.0,0.0,0.0,0.0,0.0,0.0,0.0,2.638988733291626,1.7711902856826782,4.194416046142578,4.69711971282959,0.0,0.0,0.0,0.0,0.0,0.0,0.0,0.0,0.0,0.0
553,553,0.0,0.0,0.0,0.0,0.0,0.0,0.0,0.0,0.0,0.0,0.0,0.0,2.6341001987457275,1.746550440788269,4.1980180740356445,4.6876702308654785,0.0,0.0,0.0,0.0,0.0,0.0,0.0,0.0,0.0,0.0
554,554,0.0,0.0,0.0,0.0,0.0,0.0,0.0,0.0,0.0,0.0,0.0,0.0,2.629420518875122,1.7226097583770752,4.201704025268555,4.678081035614014,0.0,0.0,0.0,0.0,0.0,0.0,0.0,0.0,0.0,0.0
555,555,0.0,0.0,0.0,0.0,0.0,0.0,0.0,0.0,0.0,0.0,0.0,0.0,2.62493634223938,1.699365258216858,4.2054762840271,4.668350696563721,0.0,0.0,0.0,0.0,0.0,0.0,0.0,0.0,0.0,0.0
556,556,0.0,0.0,0.0,0.0,0.0,0.0,0.0,0.0,0.0,0.0,0.0,0.0,2.620635986328125,1.6768110990524292,4.209338665008545,4.658478260040283,0.0,0.0,0.0,0.0,0.0,0.0,0.0,0.0,0.0,0.0
557,557,0.0,0.0,0.0,0.0,0.0,0.0,0.0,0.0,0.0,0.0,0.0,0.0,2.616508722305298,1.65493905544281,4.213293075561523,4.648462772369385,0.0,0.0,0.0,0.0,0.0,0.0,0.0,0.0,0.0,0.0
558,558,0.0,0.0,0.0,0.0,0.0,0.0,0.0,0.0,0.0,0.0,0.0,0.0,2.612544536590576,1.6337387561798096,4.217344284057617,4.638302326202393,0.0,0.0,0.0,0.0,0.0,0.0,0.0,0.0,0.0,0.0
559,559,0.0,0.0,0.0,0.0,0.0,0.0,0.0,0.0,0.0,0.0,0.0,0.0,2.608733892440796,1.6131980419158936,4.221494674682617,4.627996921539307,0.0,0.0,0.0,0.0,0.0,0.0,0.0,0.0,0.0,0.0
560,560,0.0,0.0,0.0,0.0,0.0,0.0,0.0,0.0,0.0,0.0,0.0,0.0,2.6050686836242676,1.5933033227920532,4.225748062133789,4.617545127868652,0.0,0.0,0.0,0.0,0.0,0.0,0.0,0.0,0.0,0.0
561,561,0.0,0.0,0.0,0.0,0.0,0.0,0.0,0.0,0.0,0.0,0.0,0.0,2.6015403270721436,1.5740395784378052,4.230108261108398,4.6069464683532715,0.0,0.0,0.0,0.0,0.0,0.0,0.0,0.0,0.0,0.0
562,562,0.0,0.0,0.0,0.0,0.0,0.0,0.0,0.0,0.0,0.0,0.0,0.0,2.59814190864563,1.5553909540176392,4.234579563140869,4.5961995124816895,0.0,0.0,0.0,0.0,0.0,0.0,0.0,0.0,0.0,0.0
563,563,0.0,0.0,0.0,0.0,0.0,0.0,0.0,0.0,0.0,0.0,0.0,0.0,2.5948662757873535,1.5373411178588867,4.239165782928467,4.585304260253906,0.0,0.0,0.0,0.0,0.0,0.0,0.0,0.0,0.0,0.0
564,564,0.0,0.0,0.0,0.0,0.0,0.0,0.0,0.0,0.0,0.0,0.0,0.0,2.591707229614258,1.519872784614563,4.243871212005615,4.574260711669922,0.0,0.0,0.0,0.0,0.0,0.0,0.0,0.0,0.0,0.0
565,565,0.0,0.0,0.0,0.0,0.0,0.0,0.0,0.0,0.0,0.0,0.0,0.0,2.588658571243286,1.502968668937683,4.2487006187438965,4.56306791305542,0.0,0.0,0.0,0.0,0.0,0.0,0.0,0.0,0.0,0.0
566,566,0.0,0.0,0.0,0.0,0.0,0.0,0.0,0.0,0.0,0.0,0.0,0.0,2.58571457862854,1.4866111278533936,4.253658771514893,4.551725387573242,0.0,0.0,0.0,0.0,0.0,0.0,0.0,0.0,0.0,0.0
567,567,0.0,0.0,0.0,0.0,0.0,0.0,0.0,0.0,0.0,0.0,0.0,0.0,2.5828704833984375,1.4707825183868408,4.258750915527344,4.540234088897705,0.0,0.0,0.0,0.0,0.0,0.0,0.0,0.0,0.0,0.0
568,568,0.0,0.0,0.0,0.0,0.0,0.0,0.0,0.0,0.0,0.0,0.0,0.0,2.5801210403442383,1.4554651975631714,4.263981342315674,4.52859354019165,0.5728136301040649,0.0,0.0,0.0,0.0,0.0,0.0,0.0,0.0,0.0
569,569,0.0,0.0,0.0,0.0,0.0,0.0,0.0,0.0,0.0,0.0,0.0,0.0,2.5774617195129395,1.4406416416168213,4.269356727600098,4.516804218292236,0.5843361020088196,0.0,0.0,0.0,0.0,0.0,0.0,0.0,0.0,0.0
570,570,0.0,0.0,0.0,0.0,0.0,0.0,0.0,0.0,0.0,0.0,0.0,0.0,2.5748884677886963,1.4262948036193848,4.274881839752197,4.504866600036621,0.595901608467102,0.0,0.0,0.0,0.0,0.0,0.0,0.0,0.0,0.0
571,571,0.0,0.0,0.0,0.0,0.0,0.0,0.0,0.0,0.0,0.0,0.0,0.0,2.572396993637085,1.412407636642456,4.280563831329346,4.492781162261963,0.6075073480606079,0.0,0.0,0.0,0.0,0.0,0.0,0.0,0.0,0.0
572,572,0.0,0.0,0.0,0.0,0.0,0.0,0.0,0.0,0.0,0.0,0.0,0.0,2.569983720779419,1.3989635705947876,4.286408424377441,4.480548858642578,0.6191505193710327,0.0,0.0,0.0,0.0,0.0,0.0,0.0,0.0,0.0
573,573,0.0,0.0,0.0,0.0,0.0,0.0,0.0,0.0,0.0,0.0,0.0,0.0,2.5676448345184326,1.38594651222229,4.292422294616699,4.468171119689941,0.6308282017707825,0.0,0.0,0.0,0.0,0.0,0.0,0.0,0.0,0.0
574,574,0.0,0.0,0.0,0.0,0.0,0.0,0.0,0.0,0.0,0.0,0.0,0.0,2.5653774738311768,1.3733407258987427,4.29861307144165,4.455648422241211,0.6425373554229736,0.0,0.0,0.0,0.0,0.0,0.0,0.0,0.0,0.0
575,575,0.0,0.0,0.0,0.0,0.0,0.0,0.0,0.0,0.0,0.0,0.0,0.0,2.563178062438965,1.3611308336257935,4.304987907409668,4.442983150482178,0.6542749404907227,0.0,0.0,0.0,0.0,0.0,0.0,0.0,0.0,0.0
576,576,0.0,0.0,0.0,0.0,0.0,0.0,0.0,0.0,0.0,0.0,0.0,0.0,2.5610437393188477,1.349302053451538,4.311554908752441,4.430176258087158,0.6660378575325012,0.0,0.0,0.0,0.0,0.0,0.0,0.0,0.0,0.0
577,577,0.0,0.0,0.0,0.0,0.0,0.0,0.0,0.0,0.0,0.0,0.0,0.0,2.558971643447876,1.337839961051941,4.318321704864502,4.417229652404785,0.6778231263160706,0.0,0.0,0.0,0.0,0.0,0.0,0.0,0.0,0.0
578,578,0.0,0.0,0.0,0.0,0.0,0.0,0.0,0.0,0.0,0.0,0.0,0.0,2.556959390640259,1.3267308473587036,4.325297832489014,4.404146194458008,0.6896274089813232,0.0,0.0,0.0,0.0,0.0,0.0,0.0,0.0,0.0
579,579,0.0,0.0,0.0,0.0,0.0,0.0,0.0,0.0,0.0,0.0,0.0,0.0,2.555004358291626,1.3159611225128174,4.332491874694824,4.390927314758301,0.7014476656913757,0.0,0.0,0.0,0.0,0.0,0.0,0.0,0.0,0.0
580,580,0.0,0.0,0.0,0.0,0.0,0.0,0.0,0.0,0.0,0.0,0.0,0.0,2.5531041622161865,1.3055181503295898,4.339913845062256,4.3775763511657715,0.7132805585861206,0.0,0.0,0.0,0.0,0.0,0.0,0.0,0.0,0.0
581,581,0.0,0.0,0.0,0.0,0.0,0.0,0.0,0.0,0.0,0.0,0.0,0.0,2.5512566566467285,1.2953894138336182,4.347574234008789,4.364096164703369,0.7251229286193848,0.0,0.0,0.0,0.0,0.0,0.0,0.0,0.0,0.0
582,582,0.0,0.0,0.0,0.0,0.0,0.0,0.0,0.0,0.0,0.0,0.0,0.0,2.549459457397461,1.2855628728866577,4.355483055114746,4.350489139556885,0.7369714975357056,0.0,0.0,0.0,0.0,0.0,0.0,0.0,0.0,0.0
583,583,0.0,0.0,0.0,0.0,0.0,0.0,0.0,0.0,0.0,0.0,0.0,0.0,2.54771089553833,1.2760273218154907,4.363652229309082,4.336759090423584,0.7488229870796204,0.0,0.0,0.0,0.0,0.0,0.0,0.0,0.0,0.0
584,584,0.0,0.0,0.0,0.0,0.0,0.0,0.0,0.0,0.0,0.0,0.0,0.0,2.546009063720703,1.2667714357376099,4.372093677520752,4.322909832000732,0.7606741786003113,0.0,0.0,0.0,0.0,0.0,0.0,0.0,0.0,0.0
585,585,0.0,0.0,0.0,0.0,0.0,0.0,0.0,0.0,0.0,0.0,0.0,0.0,2.544351816177368,1.2577848434448242,4.380820274353027,4.3089447021484375,0.7725217938423157,0.0,0.0,0.0,0.0,0.0,0.0,0.0,0.0,0.0
586,586,0.0,0.0,0.0,0.0,0.0,0.0,0.0,0.0,0.0,0.0,0.0,0.0,2.5427377223968506,1.249057412147522,4.38984489440918,4.294867992401123,0.7843624949455261,0.0,0.0,0.0,0.0,0.0,0.0,0.0,0.0,0.0
587,587,0.0,0.0,0.0,0.0,0.0,0.0,0.0,0.0,0.0,0.0,0.0,0.0,2.541165351867676,1.24057936668396,4.399182319641113,4.280683994293213,0.7961931824684143,0.0,0.0,0.0,0.0,0.0,0.0,0.0,0.0,0.0
588,588,0.0,0.0,0.0,0.0,0.0,0.0,0.0,0.0,0.0,0.0,0.0,0.0,2.539632558822632,1.2323414087295532,4.408846855163574,4.266397476196289,0.808010458946228,0.0,0.0,0.0,0.0,0.0,0.0,0.0,0.0,0.0
589,589,0.0,0.0,0.0,0.0,0.0,0.0,0.0,0.0,0.0,0.0,0.0,0.0,2.5381383895874023,1.224334478378296,4.418854713439941,4.252012729644775,0.819811224937439,0.0,0.0,0.0,0.0,0.0,0.0,0.0,0.0,0.0
590,590,0.0,0.0,0.0,0.0,0.0,0.0,0.0,0.0,0.0,0.0,0.0,0.0,2.5366814136505127,1.2165501117706299,4.429222106933594,4.23753547668457,0.8315922617912292,0.0,0.0,0.0,0.0,0.0,0.0,0.0,0.0,0.0
591,591,0.0,0.0,0.0,0.0,0.0,0.0,0.0,0.0,0.0,0.0,0.0,0.0,2.535259962081909,1.2089802026748657,4.439966678619385,4.222970008850098,0.8433504104614258,0.0,0.0,0.0,0.0,0.0,0.0,0.0,0.0,0.0
592,592,0.0,0.0,0.0,0.0,0.0,0.0,0.0,0.0,0.0,0.0,0.0,0.0,2.5338730812072754,1.201616644859314,4.451106548309326,4.208322525024414,0.8550825715065002,0.0,0.0,0.0,0.0,0.0,0.0,0.0,0.0,0.0
593,593,0.0,0.0,0.0,0.0,0.0,0.0,0.0,0.0,0.0,0.0,0.0,0.0,2.532519578933716,1.194452166557312,4.462662220001221,4.193598747253418,0.8667856454849243,0.0,0.0,0.0,0.0,0.0,0.0,0.0,0.0,0.0
594,594,0.0,0.0,0.0,0.0,0.0,0.0,0.0,0.0,0.0,0.0,0.0,0.0,2.531198024749756,1.1874793767929077,4.474653244018555,4.17880392074585,0.8784565925598145,0.0,0.0,0.0,0.0,0.0,0.0,0.0,0.0,0.0
595,595,0.0,0.0,0.0,0.0,0.0,0.0,0.0,0.0,0.0,0.0,0.0,0.0,0.0,1.1806914806365967,4.4871015548706055,4.163944721221924,0.8900925517082214,0.0,0.0,0.0,0.0,0.0,0.0,0.0,0.0,0.0
596,596,0.0,0.0,0.0,0.0,0.0,0.0,0.0,0.0,0.0,0.0,0.0,0.0,0.0,1.174081802368164,4.500029563903809,4.149026870727539,0.9016904830932617,0.0,0.0,0.0,0.0,0.0,0.0,0.0,0.0,0.0
597,597,0.0,0.0,0.0,0.0,0.0,0.0,0.0,0.0,0.0,0.0,0.0,0.0,0.0,1.1676440238952637,4.513461589813232,4.13405704498291,0.9132475852966309,0.0,0.0,0.0,0.0,0.0,0.0,0.0,0.0,0.0
598,598,0.0,0.0,0.0,0.0,0.0,0.0,0.0,0.0,0.0,0.0,0.0,0.0,0.0,1.161372184753418,4.527422904968262,4.119041442871094,0.9247610569000244,0.0,0.0,0.0,0.0,0.0,0.0,0.0,0.0,0.0
599,599,0.0,0.0,0.0,0.0,0.0,0.0,0.0,0.0,0.0,0.0,0.0,0.0,0.0,1.1552602052688599,4.541938781738281,4.1039862632751465,0.0,0.0,0.0,0.0,0.0,0.0,0.0,0.0,0.0,0.0
600,600,0.0,0.0,0.0,0.0,0.0,0.0,0.0,0.0,0.0,0.0,0.0,0.0,0.0,1.1493027210235596,4.557037830352783,4.0888991355896,0.0,0.0,0.0,0.0,0.0,0.0,0.0,0.0,0.0,0.0
601,601,0.0,0.0,0.0,0.0,0.0,0.0,0.0,0.0,0.0,0.0,0.0,0.0,0.0,1.1434943675994873,4.572747707366943,4.073786735534668,0.0,0.0,0.0,0.0,0.0,0.0,0.0,0.0,0.0,0.0
602,602,0.0,0.0,0.0,0.0,0.0,0.0,0.0,0.0,0.0,0.0,0.0,0.0,0.0,1.1378298997879028,4.589098930358887,4.058655261993408,0.0,0.0,0.0,0.0,0.0,0.0,0.0,0.0,0.0,0.0
603,603,0.0,0.0,0.0,0.0,0.0,0.0,0.0,0.0,0.0,0.0,0.0,0.0,0.0,1.1323046684265137,4.6061224937438965,4.043512344360352,0.0,0.0,0.0,0.0,0.0,0.0,0.0,0.0,0.0,0.0
604,604,0.0,0.0,0.0,0.0,0.0,0.0,0.0,0.0,0.0,0.0,0.0,0.0,0.0,1.1269136667251587,4.623849868774414,4.028364181518555,0.0,5.904789447784424,0.0,0.0,0.0,0.0,0.0,0.0,0.0,0.0
605,605,0.0,0.0,0.0,0.0,0.0,0.0,0.0,0.0,0.0,0.0,0.0,0.0,0.0,1.121652603149414,4.642314434051514,4.013218402862549,0.0,5.909378528594971,0.0,0.0,0.0,0.0,0.0,0.0,0.0,0.0
606,606,0.0,0.0,0.0,0.0,0.0,0.0,0.0,0.0,0.0,0.0,0.0,0.0,0.0,1.1165170669555664,4.661550045013428,3.998081684112549,0.0,5.914067268371582,0.0,0.0,0.0,0.0,0.0,0.0,0.0,0.0
607,607,0.0,0.0,0.0,0.0,0.0,0.0,0.0,0.0,0.0,0.0,0.0,0.0,0.0,1.1115028858184814,4.681590557098389,3.9829609394073486,0.0,5.918859004974365,0.0,0.0,0.0,0.0,0.0,0.0,0.0,0.0
608,608,0.0,0.0,0.0,0.0,0.0,0.0,0.0,0.0,0.0,0.0,0.0,0.0,0.0,1.106606125831604,4.7024712562561035,3.9678633213043213,0.0,5.9237565994262695,0.0,0.0,0.0,0.0,0.0,0.0,0.0,0.0
609,609,0.0,0.0,0.0,0.0,0.0,0.0,0.0,0.0,0.0,0.0,0.0,0.0,0.0,1.1018229722976685,4.724226474761963,3.9527952671051025,0.0,5.9287638664245605,0.0,0.0,0.0,0.0,0.0,0.0,0.0,0.0
610,610,0.0,0.0,0.0,0.0,0.0,0.0,0.0,0.0,0.0,0.0,0.0,0.0,0.0,1.0971497297286987,4.746891021728516,3.9377636909484863,0.0,5.933884143829346,0.0,0.0,0.0,0.0,0.0,0.0,0.0,0.0
611,611,0.0,0.0,0.0,0.0,0.0,0.0,0.0,0.0,0.0,0.0,0.0,0.0,0.0,1.0925829410552979,4.770498275756836,3.9227752685546875,0.0,5.939121246337891,0.0,0.0,0.0,0.0,0.0,0.0,0.0,0.0
612,612,0.0,0.0,0.0,0.0,0.0,0.0,0.0,0.0,0.0,0.0,0.0,0.0,0.0,1.0881191492080688,4.79508113861084,3.907836675643921,0.0,5.944478511810303,0.0,0.0,0.0,0.0,0.0,0.0,0.0,0.0
613,613,0.0,0.0,0.0,0.0,0.0,0.0,0.0,0.0,0.0,0.0,0.0,0.0,0.0,1.0837551355361938,4.820669651031494,3.892954111099243,0.0,5.949960231781006,0.0,0.0,0.0,0.0,0.0,0.0,0.0,0.0
614,614,0.0,0.0,0.0,0.0,0.0,0.0,0.0,0.0,0.0,0.0,0.0,0.0,0.0,1.079487681388855,4.847291469573975,3.878133773803711,0.0,5.955570697784424,0.0,0.0,0.0,0.0,0.0,0.0,0.0,0.0
615,615,0.0,0.0,0.0,0.0,0.0,0.0,0.0,0.0,0.0,0.0,0.0,0.0,0.0,1.075313925743103,4.87497091293335,3.863381862640381,0.0,5.961313247680664,0.0,0.0,0.0,0.0,0.0,0.0,0.0,0.0
616,616,0.0,0.0,0.0,0.0,0.0,0.0,0.0,0.0,0.0,0.0,0.0,0.0,0.0,0.0,4.903728008270264,3.8487040996551514,0.0,5.967193603515625,0.0,0.0,0.0,0.0,0.0,0.0,0.0,0.0
617,617,0.0,0.0,0.0,0.0,0.0,0.0,0.0,0.0,0.0,0.0,0.0,0.0,0.0,0.0,4.933575630187988,3.834106683731079,0.0,5.973215579986572,0.0,0.0,0.0,0.0,0.0,0.0,0.0,0.0
618,618,0.0,0.0,0.0,0.0,0.0,0.0,0.0,0.0,0.0,0.0,0.0,0.0,0.0,0.0,4.964522838592529,3.819594621658325,0.0,5.979383945465088,0.0,0.0,0.0,0.0,0.0,0.0,0.0,0.0
619,619,0.0,0.0,0.0,0.0,0.0,0.0,0.0,0.0,0.0,0.0,0.0,0.0,0.0,0.0,4.996567726135254,3.805173635482788,0.0,5.985703945159912,0.0,0.0,0.0,0.0,0.0,0.0,0.0,0.0
620,620,0.0,0.0,0.0,0.0,0.0,0.0,0.0,0.0,0.0,0.0,0.0,0.0,0.0,0.0,5.0297017097473145,3.790848731994629,0.0,5.992180824279785,0.0,0.0,0.0,0.0,0.0,0.0,0.0,0.0
621,621,0.0,0.0,0.0,0.0,0.0,0.0,0.0,0.0,0.0,0.0,0.0,0.0,0.0,0.0,5.063905239105225,3.7766244411468506,0.0,5.998819828033447,0.0,0.0,0.0,0.0,0.0,0.0,0.0,0.0
622,622,0.0,0.0,0.0,0.0,0.0,0.0,0.0,0.0,0.0,0.0,0.0,0.0,0.0,0.0,5.099147796630859,3.7625057697296143,0.0,6.005626678466797,0.0,0.0,0.0,0.0,0.0,0.0,0.0,0.0
623,623,0.0,0.0,0.0,0.0,0.0,0.0,0.0,0.0,0.0,0.0,0.0,0.0,0.0,0.0,5.135385513305664,3.7484970092773438,0.0,6.012607574462891,0.0,0.0,0.0,0.0,0.0,0.0,0.0,0.0
624,624,0.0,0.0,0.0,0.0,0.0,0.0,0.0,0.0,0.0,0.0,0.0,0.0,0.0,0.0,5.172563076019287,3.734602451324463,0.0,6.019767761230469,0.0,0.0,0.0,0.0,0.0,0.0,0.0,0.0
625,625,0.0,0.0,0.0,0.0,0.0,0.0,0.0,0.0,0.0,0.0,0.0,0.0,0.0,0.0,5.210611343383789,3.720825672149658,0.0,6.027113914489746,0.0,0.0,0.0,0.0,0.0,0.0,0.0,0.0
626,626,0.0,0.0,0.0,0.0,0.0,0.0,0.0,0.0,0.0,0.0,0.0,0.0,0.0,0.0,5.249447822570801,3.7071707248687744,0.0,6.034653186798096,0.0,0.0,0.0,0.0,0.0,0.0,0.0,0.0
627,627,0.0,0.0,0.0,0.0,0.0,0.0,0.0,0.0,0.0,0.0,0.0,0.0,0.0,0.0,5.28897762298584,3.693640947341919,0.0,6.042392253875732,0.0,0.0,0.0,0.0,0.0,0.0,0.0,0.0
628,628,0.0,0.0,0.0,0.0,0.0,0.0,0.0,0.0,0.0,0.0,0.0,0.0,0.0,0.0,5.329092979431152,3.68023943901062,0.0,6.050337791442871,0.0,0.0,0.0,0.0,0.0,0.0,0.0,0.0
629,629,0.0,0.0,0.0,0.0,0.0,0.0,0.0,0.0,0.0,0.0,0.0,0.0,0.0,0.0,5.369675636291504,3.666969060897827,0.0,6.058497428894043,0.0,0.0,0.0,0.0,0.0,0.0,0.0,0.0
630,630,0.0,0.0,0.0,0.0,0.0,0.0,0.0,0.0,0.0,0.0,0.0,0.0,0.0,0.0,5.410599708557129,3.6538329124450684,0.0,6.0668792724609375,0.0,0.0,0.0,0.0,0.0,0.0,0.0,0.0
631,631,0.0,0.0,0.0,0.0,0.0,0.0,0.0,0.0,0.0,0.0,0.0,0.0,0.0,0.0,5.451730728149414,3.6408329010009766,0.0,6.075490951538086,0.0,0.0,0.0,0.0,0.0,0.0,0.0,0.0
632,632,0.0,0.0,0.0,0.0,0.0,0.0,0.0,0.0,0.0,0.0,0.0,0.0,0.0,0.0,5.492931365966797,3.6279714107513428,0.0,6.084340572357178,0.0,0.0,0.0,0.0,0.0,0.0,0.0,0.0
633,633,0.0,0.0,0.0,0.0,0.0,0.0,0.0,0.0,0.0,0.0,0.0,0.0,0.0,0.0,5.534062385559082,3.615250825881958,0.0,6.093437671661377,0.0,0.0,0.0,0.0,0.0,0.0,0.0,0.0
634,634,0.0,0.0,0.0,0.0,0.0,0.0,0.0,0.0,0.0,0.0,0.0,0.0,0.0,0.0,5.574985980987549,3.6026723384857178,0.0,6.102790355682373,0.0,0.0,0.0,0.0,0.0,0.0,0.0,0.0
635,635,0.0,0.0,0.0,0.0,0.0,0.0,0.0,0.0,0.0,0.0,0.0,0.0,0.0,0.0,5.615569114685059,3.590237855911255,0.0,6.112408638000488,0.0,0.0,0.0,0.0,0.0,0.0,0.0,0.0
636,636,0.0,0.0,0.0,0.0,0.0,0.0,0.0,0.0,0.0,0.0,0.0,0.0,0.0,0.0,5.655684471130371,3.577948808670044,0.0,6.122302055358887,0.0,0.0,0.0,0.0,0.0,0.0,0.0,0.0
637,637,0.0,0.0,0.0,0.0,0.0,0.0,0.0,0.0,0.0,0.0,0.0,0.0,0.0,0.0,5.69521427154541,3.5658059120178223,0.0,6.132480621337891,0.0,0.0,0.0,0.0,0.0,0.0,0.0,0.0
638,638,0.0,0.0,0.0,0.0,0.0,0.0,0.0,0.0,0.0,0.0,0.0,0.0,0.0,0.0,5.73405122756958,3.5538103580474854,0.0,6.142954349517822,0.0,0.0,0.0,0.0,0.0,0.0,0.0,0.0
639,639,0.0,0.0,0.0,0.0,0.0,0.0,0.0,0.0,0.0,0.0,0.0,0.0,0.0,0.0,5.772099494934082,3.5419628620147705,0.0,6.1537346839904785,0.0,0.0,0.0,0.0,0.0,0.0,0.0,0.0
640,640,0.0,0.0,0.0,0.0,0.0,0.0,0.0,0.0,0.0,0.0,0.0,0.0,0.0,0.0,5.809277534484863,3.530263900756836,0.0,6.16483211517334,0.0,0.0,0.0,0.0,0.0,0.0,0.0,0.0
641,641,0.0,0.0,0.0,0.0,0.0,0.0,0.0,0.0,0.0,0.0,0.0,0.0,0.0,0.0,5.845515727996826,3.51871395111084,0.0,6.176258563995361,0.0,0.0,0.0,0.0,0.0,0.0,0.0,0.0
642,642,0.0,0.0,0.0,0.0,0.0,0.0,0.0,0.0,0.0,0.0,0.0,0.0,0.0,0.0,5.880758285522461,3.5073132514953613,0.0,6.188025951385498,0.0,0.0,0.0,0.0,0.0,0.0,0.0,0.0
643,643,0.0,0.0,0.0,0.0,0.0,0.0,0.0,0.0,0.0,0.0,0.0,0.0,0.0,0.0,5.914962291717529,3.4960615634918213,0.0,6.200146198272705,0.0,0.0,0.0,0.0,0.0,0.0,0.0,0.0
644,644,0.0,0.0,0.0,0.0,0.0,0.0,0.0,0.0,0.0,0.0,0.0,0.0,0.0,0.0,5.948096752166748,3.484959125518799,0.0,6.212631702423096,0.0,0.0,0.0,0.0,0.0,0.0,0.0,0.0
645,645,0.0,0.0,0.0,0.0,0.0,0.0,0.0,0.0,0.0,0.0,0.0,0.0,0.0,0.0,5.980142593383789,3.4740054607391357,0.0,6.225495338439941,0.0,0.0,0.0,0.0,0.0,0.0,0.0,0.0
646,646,0.0,0.0,0.0,0.0,0.0,0.0,0.0,0.0,0.0,0.0,0.0,0.0,0.0,0.0,6.01108980178833,3.463200330734253,0.0,6.238750457763672,0.0,0.0,0.0,0.0,0.0,0.0,0.0,0.0
647,647,0.0,0.0,0.0,0.0,0.0,0.0,0.0,0.0,0.0,0.0,0.0,0.0,0.0,0.0,6.040938377380371,3.452543020248413,0.0,6.252410411834717,0.0,0.0,0.0,0.0,0.0,0.0,0.0,0.0
648,648,0.0,0.0,0.0,0.0,0.0,0.0,0.0,0.0,0.0,0.0,0.0,0.0,0.0,0.0,6.069695949554443,3.442033052444458,0.0,6.266488552093506,0.0,0.0,0.0,0.0,0.0,0.0,0.0,0.0
649,649,0.0,0.0,0.0,0.0,0.0,0.0,0.0,0.0,0.0,0.0,0.0,0.0,0.0,0.0,6.097376346588135,3.4316697120666504,0.0,6.280999183654785,0.0,0.0,0.0,0.0,0.0,0.0,0.0,0.0
650,650,0.0,0.0,0.0,0.0,0.0,0.0,0.0,0.0,0.0,0.0,0.0,0.0,0.0,0.0,6.123999118804932,3.421452045440674,0.0,0.012770448811352253,0.0,0.0,0.0,0.0,0.0,0.0,0.0,0.0
651,651,0.0,0.0,0.0,0.0,0.0,0.0,0.0,0.0,0.0,0.0,0.0,0.0,0.0,0.0,6.149588584899902,3.411378860473633,0.0,0.028187384828925133,0.0,0.0,0.0,0.0,0.0,0.0,0.0,0.0
652,652,0.0,0.0,0.0,0.0,0.0,0.0,0.0,0.0,0.0,0.0,0.0,0.0,0.0,0.0,6.174172401428223,3.401449680328369,0.0,0.04407860338687897,0.0,0.0,0.0,0.0,0.0,0.0,0.0,0.0
653,653,0.0,0.0,0.0,0.0,0.0,0.0,0.0,0.0,0.0,0.0,0.0,0.0,0.0,0.0,6.197781085968018,3.391662836074829,0.0,0.06045810878276825,0.0,0.0,0.0,0.0,0.0,0.0,0.0,0.0
654,654,0.0,0.0,0.0,0.0,0.0,0.0,0.0,0.0,0.0,0.0,0.0,0.0,0.0,0.0,6.220446586608887,3.3820173740386963,0.0,0.07733970135450363,0.0,0.0,0.0,0.0,0.0,0.0,0.0,0.0
655,655,0.0,0.0,0.0,0.0,0.0,0.0,0.0,0.0,0.0,0.0,0.0,0.0,0.0,0.0,6.242203235626221,3.372512102127075,0.0,0.09473693370819092,0.0,0.0,0.0,0.0,0.0,0.0,0.0,0.0
656,656,0.0,0.0,0.0,0.0,0.0,0.0,0.0,0.0,0.0,0.0,0.0,0.0,0.0,0.0,6.26308536529541,3.363145589828491,0.0,0.11266295611858368,0.0,0.0,0.0,0.0,0.0,0.0,0.0,0.0
657,657,0.0,0.0,0.0,0.0,0.0,0.0,0.0,0.0,0.0,0.0,0.0,0.0,0.0,0.0,6.283127307891846,3.3539161682128906,0.0,0.13113035261631012,0.0,0.0,0.0,0.0,0.0,0.0,0.0,0.0
658,658,0.0,0.0,0.0,0.0,0.0,0.0,0.0,0.0,0.0,0.0,0.0,0.0,0.0,0.0,0.019178880378603935,3.344822883605957,0.0,0.1501510590314865,0.0,0.0,0.0,0.0,0.0,0.0,0.0,0.0
659,659,0.0,0.0,0.0,0.0,0.0,0.0,0.0,0.0,0.0,0.0,0.0,0.0,0.0,0.0,0.03764500841498375,0.0,0.0,0.1697361171245575,0.0,0.0,0.0,0.0,0.0,0.0,0.0,0.0
660,660,0.0,0.0,0.0,0.0,0.0,0.0,0.0,0.0,0.0,0.0,0.0,0.0,0.0,0.0,0.05537412315607071,0.0,0.0,0.18989548087120056,0.0,0.0,0.0,0.0,0.0,0.0,0.0,0.0
661,661,0.0,0.0,0.0,0.0,0.0,0.0,0.0,0.0,0.0,0.0,0.0,0.0,0.0,0.0,0.07239921391010284,0.0,0.0,0.2106379121541977,0.0,0.0,0.0,0.0,0.0,0.0,0.0,0.0
662,662,0.0,0.0,0.0,0.0,0.0,0.0,0.0,0.0,0.0,0.0,0.0,0.0,0.0,0.0,0.08875227719545364,0.0,0.0,0.2319706529378891,0.0,0.0,0.0,0.0,0.0,0.0,0.0,0.0
663,663,0.0,0.0,0.0,0.0,0.0,0.0,0.0,0.0,0.0,0.0,0.0,0.0,0.0,0.0,0.10446426272392273,0.0,0.0,0.2538991868495941,0.0,0.0,0.0,0.0,0.0,0.0,0.0,0.0
664,664,0.0,0.0,0.0,0.0,0.0,0.0,0.0,0.0,0.0,0.0,0.0,0.0,0.0,0.0,0.11956503242254257,0.0,0.0,0.27642711997032166,0.0,0.0,0.0,0.0,0.0,0.0,0.0,0.0
665,665,0.0,0.0,0.0,0.0,0.0,0.0,0.0,0.0,0.0,0.0,0.0,0.0,0.0,0.0,0.13408322632312775,0.0,0.0,0.2995557487010956,0.0,0.0,0.0,0.0,0.0,0.0,0.0,0.0
666,666,0.0,0.0,0.0,0.0,0.0,0.0,0.0,0.0,0.0,0.0,0.0,0.0,0.0,0.0,0.1480463296175003,0.0,0.0,0.32328394055366516,0.0,0.0,0.0,0.0,0.0,0.0,0.0,0.0
667,667,0.0,0.0,0.0,0.0,0.0,0.0,0.0,0.0,0.0,0.0,0.0,0.0,0.0,0.0,0.1614805907011032,0.0,0.0,0.3476077616214752,0.0,0.0,0.0,0.0,0.0,0.0,0.0,0.0
668,668,0.0,0.0,0.0,0.0,0.0,0.0,0.0,0.0,0.0,0.0,0.0,0.0,0.0,0.0,0.17441105842590332,0.0,0.0,0.3725203275680542,0.0,0.0,0.0,0.0,0.0,0.0,0.0,0.0
669,669,0.0,0.0,0.0,0.0,0.0,0.0,0.0,0.0,0.0,0.0,0.0,0.0,0.0,0.0,0.18686161935329437,0.0,0.0,0.3980114758014679,0.0,0.0,0.0,0.0,0.0,0.0,0.0,0.0
670,670,0.0,0.0,0.0,0.0,0.0,0.0,0.0,0.0,0.0,0.0,0.0,0.0,0.0,0.0,0.19885501265525818,0.0,0.0,0.4240676164627075,0.0,0.0,0.0,0.0,0.0,0.0,0.0,0.0
671,671,0.0,0.0,0.0,0.0,0.0,0.0,0.0,0.0,0.0,0.0,0.0,0.0,0.0,0.0,0.21041280031204224,0.0,0.0,0.45067140460014343,0.0,0.0,0.0,0.0,0.0,0.0,0.0,0.0
672,672,0.0,0.0,0.0,0.0,0.0,0.0,0.0,0.0,0.0,0.0,0.0,0.0,0.0,0.0,0.22155553102493286,0.0,0.0,0.4778017997741699,2.7279369831085205,0.0,0.0,0.0,0.0,0.0,0.0,0.0
673,673,0.0,0.0,0.0,0.0,0.0,0.0,0.0,0.0,0.0,0.0,0.0,0.0,0.0,0.0,0.23230266571044922,0.0,0.0,0.5054336786270142,2.7174835205078125,0.0,0.0,0.0,0.0,0.0,0.0,0.0
674,674,0.0,0.0,0.0,0.0,0.0,0.0,0.0,0.0,0.0,0.0,0.0,0.0,0.0,0.0,0.24267268180847168,0.0,0.0,0.5335381627082825,2.706916332244873,0.0,0.0,0.0,0.0,0.0,0.0,0.0
675,675,0.0,0.0,0.0,0.0,0.0,0.0,0.0,0.0,0.0,0.0,0.0,0.0,0.0,0.0,0.2526830732822418,0.0,0.0,0.5620821118354797,2.6962361335754395,0.0,0.0,0.0,0.0,0.0,0.0,0.0
676,676,0.0,0.0,0.0,0.0,0.0,0.0,0.0,0.0,0.0,0.0,0.0,0.0,0.0,0.0,0.262350469827652,0.0,0.0,0.5910287499427795,2.685443162918091,0.0,0.0,0.0,0.0,0.0,0.0,0.0
677,677,0.0,0.0,0.0,0.0,0.0,0.0,0.0,0.0,0.0,0.0,0.0,0.0,0.0,0.0,0.27169057726860046,0.0,0.0,0.6203374266624451,2.6745383739471436,0.0,0.0,0.0,0.0,0.0,0.0,0.0
678,678,0.0,0.0,0.0,0.0,0.0,0.0,0.0,0.0,0.0,0.0,0.0,0.0,0.0,0.0,0.2807183265686035,0.0,0.0,0.6499640345573425,2.663522958755493,0.0,0.0,0.0,0.0,0.0,0.0,0.0
679,679,0.0,0.0,0.0,0.0,0.0,0.0,0.0,0.0,0.0,0.0,0.0,0.0,0.0,0.0,0.2894477844238281,0.0,0.0,0.679861307144165,2.652397394180298,0.0,0.0,0.0,0.0,0.0,0.0,0.0
680,680,0.0,0.0,0.0,0.0,0.0,0.0,0.0,0.0,0.0,0.0,0.0,0.0,0.0,0.0,0.29789239168167114,0.0,0.0,0.7099791765213013,2.6411633491516113,0.0,0.0,0.0,0.0,0.0,0.0,0.0
681,681,0.0,0.0,0.0,0.0,0.0,0.0,0.0,0.0,0.0,0.0,0.0,0.0,0.0,0.0,0.30606478452682495,0.0,0.0,0.7402651906013489,2.62982177734375,0.0,0.0,0.0,0.0,0.0,0.0,0.0
682,682,0.0,0.0,0.0,0.0,0.0,0.0,0.0,0.0,0.0,0.0,0.0,0.0,0.0,0.0,0.3139770030975342,0.0,0.0,0.770665168762207,2.6183741092681885,0.0,0.0,0.0,0.0,0.0,0.0,0.0
683,683,0.0,0.0,0.0,0.0,0.0,0.0,0.0,0.0,0.0,0.0,0.0,0.0,0.0,0.0,0.32164037227630615,0.0,0.0,0.8011236786842346,2.6068220138549805,0.0,0.0,0.0,0.0,0.0,0.0,0.0
684,684,0.0,0.0,0.0,0.0,0.0,0.0,0.0,0.0,0.0,0.0,0.0,0.0,0.0,0.0,0.32906574010849,0.0,0.0,0.8315844535827637,2.5951671600341797,0.0,0.0,0.0,0.0,0.0,0.0,0.0
685,685,0.0,0.0,0.0,0.0,0.0,0.0,0.0,0.0,0.0,0.0,0.0,0.0,0.0,0.0,0.3362632989883423,0.0,0.0,0.8619915246963501,2.58341121673584,0.0,0.0,0.0,0.0,0.0,0.0,0.0
686,686,0.0,0.0,0.0,0.0,0.0,0.0,0.0,0.0,0.0,0.0,0.0,0.0,0.0,0.0,0.3432427644729614,0.0,0.0,0.8922892212867737,2.571556568145752,0.0,0.0,0.0,0.0,0.0,0.0,0.0
687,687,0.0,0.0,0.0,0.0,0.0,0.0,0.0,0.0,0.0,0.0,0.0,0.0,0.0,0.0,0.3500133454799652,0.0,0.0,0.922423243522644,2.5596048831939697,0.0,0.0,0.0,0.0,0.0,0.0,0.0
688,688,0.0,0.0,0.0,0.0,0.0,0.0,0.0,0.0,0.0,0.0,0.0,0.0,0.0,0.0,0.35658371448516846,0.0,0.0,0.9523409605026245,2.547558546066284,0.0,0.0,0.0,0.0,0.0,0.0,0.0
689,689,0.0,0.0,0.0,0.0,0.0,0.0,0.0,0.0,0.0,0.0,0.0,0.0,0.0,0.0,0.3629622161388397,0.0,0.0,0.9819921255111694,2.5354201793670654,0.0,0.0,0.0,0.0,0.0,0.0,0.0
690,690,0.0,0.0,0.0,0.0,0.0,0.0,0.0,0.0,0.0,0.0,0.0,0.0,0.0,0.0,0.36915668845176697,0.0,0.0,1.011329174041748,2.5231921672821045,0.0,0.0,0.0,0.0,0.0,0.0,0.0
691,691,0.0,0.0,0.0,0.0,0.0,0.0,0.0,0.0,0.0,0.0,0.0,0.0,0.0,0.0,0.3751746118068695,0.0,0.0,1.0403077602386475,2.5108773708343506,0.0,0.0,0.0,0.0,0.0,0.0,0.0
692,692,0.0,0.0,0.0,0.0,0.0,0.0,0.0,0.0,0.0,0.0,0.0,0.0,0.0,0.0,0.3810230791568756,0.0,0.0,1.0688869953155518,2.498478412628174,5.0522074699401855,0.0,0.0,0.0,0.0,0.0,0.0
693,693,0.0,0.0,0.0,0.0,0.0,0.0,0.0,0.0,0.0,0.0,0.0,0.0,0.0,0.0,0.3867088556289673,0.0,0.0,1.0970295667648315,2.4859983921051025,5.062676906585693,0.0,0.0,0.0,0.0,0.0,0.0
694,694,0.0,0.0,0.0,0.0,0.0,0.0,0.0,0.0,0.0,0.0,0.0,0.0,0.0,0.0,0.3922382891178131,0.0,0.0,1.1247020959854126,2.473440647125244,5.073254585266113,0.0,0.0,0.0,0.0,0.0,0.0
695,695,0.0,0.0,0.0,0.0,0.0,0.0,0.0,0.0,0.0,0.0,0.0,0.0,0.0,0.0,0.39761754870414734,0.0,0.0,1.1518754959106445,2.460808038711548,5.083940505981445,0.0,0.0,0.0,0.0,0.0,0.0
696,696,0.0,0.0,0.0,0.0,0.0,0.0,0.0,0.0,0.0,0.0,0.0,0.0,0.0,0.0,0.4028524160385132,0.0,0.0,1.178524136543274,2.4481043815612793,5.094733715057373,0.0,0.0,0.0,0.0,0.0,0.0
697,697,0.0,0.0,0.0,0.0,0.0,0.0,0.0,0.0,0.0,0.0,0.0,0.0,0.0,0.0,0.40794843435287476,0.0,0.0,1.2046266794204712,2.435332775115967,5.10563325881958,0.0,0.0,0.0,0.0,0.0,0.0
698,698,0.0,0.0,0.0,0.0,0.0,0.0,0.0,0.0,0.0,0.0,0.0,0.0,0.0,0.0,0.4129108190536499,0.0,0.0,1.2301656007766724,2.422497272491455,5.11663818359375,5.3068766593933105,0.0,0.0,0.0,0.0,0.0
699,699,0.0,0.0,0.0,0.0,0.0,0.0,0.0,0.0,0.0,0.0,0.0,0.0,0.0,0.0,0.41774460673332214,0.0,0.0,1.2551268339157104,2.4096014499664307,5.127747058868408,5.303882122039795,0.0,0.0,0.0,0.0,0.0
700,700,0.0,0.0,0.0,0.0,0.0,0.0,0.0,0.0,0.0,0.0,0.0,0.0,0.0,0.0,0.4224545955657959,0.0,0.0,1.279499888420105,2.3966493606567383,5.1389594078063965,5.300817012786865,0.0,0.0,0.0,0.0,0.0
701,701,0.0,0.0,0.0,0.0,0.0,0.0,0.0,0.0,0.0,0.0,0.0,0.0,0.0,0.0,0.4270452857017517,0.0,0.0,1.303277850151062,2.3836448192596436,5.150273323059082,5.297678470611572,0.0,0.0,0.0,0.0,0.0
702,702,0.0,0.0,0.0,0.0,0.0,0.0,0.0,0.0,0.0,0.0,0.0,0.0,0.0,0.0,0.43152108788490295,0.0,0.0,1.3264564275741577,2.3705921173095703,5.161686897277832,5.294465065002441,0.0,0.0,0.0,0.0,0.0
703,703,0.0,0.0,0.0,0.0,0.0,0.0,0.0,0.0,0.0,0.0,0.0,0.0,0.0,0.0,0.43588608503341675,0.0,0.0,1.349034070968628,2.3574953079223633,5.173199653625488,5.291172981262207,0.0,0.0,0.0,0.0,0.0
704,704,0.0,0.0,0.0,0.0,0.0,0.0,0.0,0.0,0.0,0.0,0.0,0.0,0.0,0.0,0.44014427065849304,0.0,0.0,1.3710122108459473,2.3443586826324463,5.184808731079102,5.287799835205078,0.0,0.0,0.0,0.0,0.0
705,705,0.0,0.0,0.0,0.0,0.0,0.0,0.0,0.0,0.0,0.0,0.0,0.0,0.0,0.0,0.4442994296550751,0.0,0.0,1.3923940658569336,2.3311867713928223,5.1965131759643555,5.2843427658081055,0.0,0.0,0.0,0.0,0.0
706,706,0.0,0.0,0.0,0.0,0.0,0.0,0.0,0.0,0.0,0.0,0.0,0.0,0.0,0.0,0.44835513830184937,0.0,0.0,1.4131850004196167,2.317984104156494,5.208310604095459,5.28079891204834,0.0,0.0,0.0,0.0,0.0
707,707,0.0,0.0,0.0,0.0,0.0,0.0,0.0,0.0,0.0,0.0,0.0,0.0,0.0,0.0,0.4523148536682129,0.0,0.0,1.4333921670913696,2.3047547340393066,5.220198154449463,5.277164459228516,0.0,0.0,0.0,0.0,0.0
708,708,0.0,0.0,0.0,0.0,0.0,0.0,0.0,0.0,0.0,0.0,0.0,0.0,0.0,0.0,0.4561818838119507,0.0,0.0,1.4530240297317505,2.29150390625,5.232174873352051,5.273436546325684,0.0,0.0,0.0,0.0,0.0
709,709,0.0,0.0,0.0,0.0,0.0,0.0,0.0,0.0,0.0,0.0,0.0,0.0,0.0,0.0,0.45995935797691345,0.0,0.0,1.472090721130371,2.278235673904419,5.244237422943115,5.269611835479736,0.0,0.0,0.0,0.0,0.0
710,710,0.0,0.0,0.0,0.0,0.0,0.0,0.0,0.0,0.0,0.0,0.0,0.0,0.0,0.0,0.46365031599998474,0.0,0.0,1.490602970123291,2.2649548053741455,5.256383419036865,5.26568603515625,0.0,0.0,0.0,0.0,0.0
711,711,0.0,0.0,0.0,0.0,0.0,0.0,0.0,0.0,0.0,0.0,0.0,0.0,0.0,0.0,0.46725764870643616,0.0,0.0,1.5085728168487549,2.2516660690307617,5.26861047744751,5.261655807495117,0.0,0.0,0.0,0.0,0.0
712,712,0.0,0.0,0.0,0.0,0.0,0.0,0.0,0.0,0.0,0.0,0.0,0.0,0.0,0.0,0.47078412771224976,0.0,0.0,1.526012659072876,2.2383742332458496,5.280915260314941,5.257516860961914,0.0,0.0,0.0,0.0,0.0
713,713,0.0,0.0,0.0,0.0,0.0,0.0,0.0,0.0,0.0,0.0,0.0,0.0,0.0,0.0,0.47423237562179565,0.0,0.0,1.5429357290267944,2.225084066390991,5.293295383453369,5.253264427185059,0.0,0.0,0.0,0.0,0.0
714,714,0.0,0.0,0.0,0.0,0.0,0.0,0.0,0.0,0.0,0.0,0.0,0.0,0.0,0.0,0.0,0.0,0.0,1.55935537815094,2.2117998600006104,5.305747032165527,5.248895168304443,0.0,0.0,0.0,0.0,0.0
715,715,0.0,0.0,0.0,0.0,0.0,0.0,0.0,0.0,0.0,0.0,0.0,0.0,0.0,0.0,0.0,0.0,0.0,1.57528555393219,2.1985268592834473,5.318267822265625,5.24440336227417,0.0,0.0,0.0,0.0,0.0
716,716,0.0,0.0,0.0,0.0,0.0,0.0,0.0,0.0,0.0,0.0,0.0,0.0,0.0,0.0,0.0,0.0,0.0,1.5907402038574219,2.1852691173553467,5.330854415893555,5.2397847175598145,0.0,0.0,0.0,0.0,0.0
717,717,0.0,0.0,0.0,0.0,0.0,0.0,0.0,0.0,0.0,0.0,0.0,0.0,0.0,0.0,0.0,0.0,0.0,1.6057332754135132,2.172031879425049,5.343502521514893,5.2350335121154785,0.0,0.0,0.0,0.0,0.0
718,718,0.0,0.0,0.0,0.0,0.0,0.0,0.0,0.0,0.0,0.0,0.0,0.0,0.0,0.0,0.0,0.0,0.0,1.6202789545059204,2.1588191986083984,5.356209754943848,5.230144500732422,0.0,0.0,0.0,0.0,0.0
719,719,0.0,0.0,0.0,0.0,0.0,0.0,0.0,0.0,0.0,0.0,0.0,0.0,0.0,0.0,0.0,0.0,0.0,1.634391188621521,2.1456358432769775,5.368971347808838,5.225111484527588,0.0,0.0,0.0,0.0,0.0
720,720,0.0,0.0,0.0,0.0,0.0,0.0,0.0,0.0,0.0,0.0,0.0,0.0,0.0,0.0,0.0,0.0,0.0,1.6480838060379028,2.132486581802368,5.381784439086914,5.219929218292236,0.0,0.0,0.0,0.0,0.0
721,721,0.0,0.0,0.0,0.0,0.0,0.0,0.0,0.0,0.0,0.0,0.0,0.0,0.0,0.0,0.0,0.0,0.0,1.6613703966140747,2.119375228881836,5.394644260406494,5.214590549468994,0.0,0.0,0.0,0.0,0.0
722,722,0.0,0.0,0.0,0.0,0.0,0.0,0.0,0.0,0.0,0.0,0.0,0.0,0.0,0.0,0.0,0.0,0.0,1.6742644309997559,2.106306552886963,5.407547950744629,5.2090888023376465,0.0,0.0,0.0,0.0,0.0
723,723,0.0,0.0,0.0,0.0,0.0,0.0,0.0,0.0,0.0,0.0,0.0,0.0,0.0,0.0,0.0,0.0,0.0,1.6867790222167969,2.0932846069335938,5.420490264892578,5.203416347503662,3.6376912593841553,0.0,0.0,0.0,0.0
724,724,0.0,0.0,0.0,0.0,0.0,0.0,0.0,0.0,0.0,0.0,0.0,0.0,0.0,0.0,0.0,0.0,0.0,1.6989270448684692,2.0803136825561523,5.433468341827393,5.197566986083984,3.6351065635681152,0.0,0.0,0.0,0.0
725,725,0.0,0.0,0.0,0.0,0.0,0.0,0.0,0.0,0.0,0.0,0.0,0.0,0.0,0.0,0.0,0.0,0.0,1.7107211351394653,2.0673975944519043,5.446476936340332,5.191531181335449,3.632460594177246,0.0,0.0,0.0,0.0
726,726,0.0,0.0,0.0,0.0,0.0,0.0,0.0,0.0,0.0,0.0,0.0,0.0,0.0,0.0,0.0,0.0,0.0,1.7221733331680298,2.0545403957366943,5.459512710571289,5.185301303863525,3.629751205444336,0.0,0.0,0.0,0.0
727,727,0.0,0.0,0.0,0.0,0.0,0.0,0.0,0.0,0.0,0.0,0.0,0.0,0.0,0.0,0.0,0.0,0.0,1.7332955598831177,2.041746139526367,5.472570896148682,5.178868293762207,3.6269760131835938,0.0,0.0,0.0,0.0
728,728,0.0,0.0,0.0,0.0,0.0,0.0,0.0,0.0,0.0,0.0,0.0,0.0,0.0,0.0,0.0,0.0,0.0,1.744099497795105,2.0290181636810303,5.485647201538086,5.172222137451172,3.6241328716278076,0.0,0.0,0.0,0.0
729,729,0.0,0.0,0.0,0.0,0.0,0.0,0.0,0.0,0.0,0.0,0.0,0.0,0.0,0.0,0.0,0.0,0.0,1.7545961141586304,2.016360282897949,5.49873685836792,5.165353298187256,3.6212193965911865,0.0,0.0,0.0,0.0
730,730,0.0,0.0,0.0,0.0,0.0,0.0,0.0,0.0,0.0,0.0,0.0,0.0,0.0,0.0,0.0,0.0,0.0,1.764796257019043,2.0037760734558105,5.511836528778076,5.1582512855529785,3.6182327270507812,0.0,0.0,0.0,0.0
731,731,0.0,0.0,0.0,0.0,0.0,0.0,0.0,0.0,0.0,0.0,0.0,0.0,0.0,0.0,0.0,0.0,0.0,1.7747102975845337,1.9912683963775635,5.524940490722656,5.150904178619385,3.6151702404022217,0.0,0.0,0.0,0.0
732,732,0.0,0.0,0.0,0.0,0.0,0.0,0.0,0.0,0.0,0.0,0.0,0.0,0.0,0.0,0.0,0.0,0.0,1.784348487854004,1.9788408279418945,5.538045406341553,5.143300533294678,3.6120290756225586,0.0,0.0,0.0,0.0
733,733,0.0,0.0,0.0,0.0,0.0,0.0,0.0,0.0,0.0,0.0,0.0,0.0,0.0,0.0,0.0,0.0,0.0,1.7937203645706177,1.966496229171753,5.551146507263184,5.135427474975586,3.6088063716888428,0.0,0.0,0.0,0.0
734,734,0.0,0.0,0.0,0.0,0.0,0.0,0.0,0.0,0.0,0.0,0.0,0.0,0.0,0.0,0.0,0.0,0.0,1.802835464477539,1.9542375802993774,5.564239025115967,5.12727165222168,3.605499029159546,0.0,0.0,0.0,0.0
735,735,0.0,0.0,0.0,0.0,0.0,0.0,0.0,0.0,0.0,0.0,0.0,0.0,0.0,0.0,0.0,0.0,0.0,1.8117027282714844,1.9420677423477173,5.5773186683654785,5.118818759918213,3.6021037101745605,0.0,0.0,0.0,0.0
736,736,0.0,0.0,0.0,0.0,0.0,0.0,0.0,0.0,0.0,0.0,0.0,0.0,0.0,0.0,0.0,0.0,0.0,1.8203308582305908,1.9299890995025635,5.590381622314453,5.110053539276123,3.5986170768737793,0.0,0.0,0.0,0.0
737,737,0.0,0.0,0.0,0.0,0.0,0.0,0.0,0.0,0.0,0.0,0.0,0.0,0.0,0.0,0.0,0.0,0.0,1.8287283182144165,1.9180042743682861,5.603423118591309,5.100959777832031,3.5950353145599365,0.0,0.0,0.0,0.0
738,738,0.0,0.0,0.0,0.0,0.0,0.0,0.0,0.0,0.0,0.0,0.0,0.0,0.0,0.0,0.0,0.0,0.0,1.8369030952453613,1.9061155319213867,5.616438388824463,5.091520309448242,3.5913546085357666,0.0,0.0,0.0,0.0
739,739,0.0,0.0,0.0,0.0,0.0,0.0,0.0,0.0,0.0,0.0,0.0,0.0,0.0,0.0,0.0,0.0,0.0,1.844862937927246,1.8943250179290771,5.629424095153809,5.081717014312744,3.587571144104004,0.0,0.0,0.0,0.0
740,740,0.0,0.0,0.0,0.0,0.0,0.0,0.0,0.0,0.0,0.0,0.0,0.0,0.0,0.0,0.0,0.0,0.0,1.8526153564453125,1.8826348781585693,5.642375469207764,5.071530342102051,3.5836803913116455,0.0,0.0,0.0,0.0
741,741,0.0,0.0,0.0,0.0,0.0,0.0,0.0,0.0,0.0,0.0,0.0,0.0,0.0,0.0,0.0,0.0,0.0,1.8601675033569336,1.8710469007492065,5.6552886962890625,5.060940265655518,3.5796780586242676,0.0,0.0,0.0,0.0
742,742,0.0,0.0,0.0,0.0,0.0,0.0,0.0,0.0,0.0,0.0,0.0,0.0,0.0,0.0,0.0,0.0,0.0,1.8675262928009033,1.859562873840332,5.668159484863281,5.049924373626709,3.575559616088867,0.0,0.0,0.0,0.0
743,743,0.0,0.0,0.0,0.0,0.0,0.0,0.0,0.0,0.0,0.0,0.0,0.0,0.0,0.0,0.0,0.0,0.0,1.8746984004974365,1.8481844663619995,5.680984020233154,5.038459300994873,3.571320056915283,0.0,0.0,0.0,0.0
744,744,0.0,0.0,0.0,0.0,0.0,0.0,0.0,0.0,0.0,0.0,0.0,0.0,0.0,0.0,0.0,0.0,0.0,1.8816900253295898,1.836912989616394,5.693758010864258,5.0265212059021,3.5669538974761963,0.0,0.0,0.0,0.0
745,745,0.0,0.0,0.0,0.0,0.0,0.0,0.0,0.0,0.0,0.0,0.0,0.0,0.0,0.0,0.0,0.0,0.0,1.8885074853897095,1.8257498741149902,5.706478595733643,5.014082908630371,3.562455654144287,0.0,0.0,0.0,0.0
746,746,0.0,0.0,0.0,0.0,0.0,0.0,0.0,0.0,0.0,0.0,0.0,0.0,0.0,0.0,0.0,0.0,0.0,1.8951565027236938,1.814696192741394,5.719141006469727,5.00111722946167,3.5578196048736572,0.0,0.0,0.0,0.0
747,747,0.0,0.0,0.0,0.0,0.0,0.0,0.0,0.0,0.0,0.0,0.0,0.0,0.0,0.0,0.0,0.0,0.0,1.9016427993774414,1.8037532567977905,5.7317423820495605,4.9875946044921875,3.55303955078125,0.0,0.0,0.0,0.0
748,748,0.0,0.0,0.0,0.0,0.0,0.0,0.0,0.0,0.0,0.0,0.0,0.0,0.0,0.0,0.0,0.0,0.0,1.9079718589782715,1.792921781539917,5.744279384613037,4.973483085632324,3.5481090545654297,0.0,0.0,0.0,0.0
749,749,0.0,0.0,0.0,0.0,0.0,0.0,0.0,0.0,0.0,0.0,0.0,0.0,0.0,0.0,0.0,0.0,0.0,1.9141488075256348,1.7822027206420898,5.756748199462891,4.958750247955322,3.5430209636688232,0.0,0.0,0.0,0.0
750,750,0.0,0.0,0.0,0.0,0.0,0.0,0.0,0.0,0.0,0.0,0.0,0.0,0.0,0.0,0.0,0.0,0.0,1.9201786518096924,1.7715966701507568,5.769145488739014,4.943360805511475,3.5377678871154785,0.0,0.0,0.0,0.0
751,751,0.0,0.0,0.0,0.0,0.0,0.0,0.0,0.0,0.0,0.0,0.0,0.0,0.0,0.0,0.0,0.0,0.0,1.9260661602020264,1.7611042261123657,5.781468391418457,4.927277565002441,3.5323421955108643,0.0,0.0,0.0,0.0
752,752,0.0,0.0,0.0,0.0,0.0,0.0,0.0,0.0,0.0,0.0,0.0,0.0,0.0,0.0,0.0,0.0,0.0,1.9318162202835083,1.7507258653640747,5.79371452331543,4.910461902618408,3.526735782623291,0.0,0.0,0.0,0.0
753,753,0.0,0.0,0.0,0.0,0.0,0.0,0.0,0.0,0.0,0.0,0.0,0.0,0.0,0.0,0.0,0.0,0.0,1.9374330043792725,0.0,5.805880069732666,4.892873287200928,3.520939588546753,0.0,0.0,0.0,0.0
754,754,0.0,0.0,0.0,0.0,0.0,0.0,0.0,0.0,0.0,0.0,0.0,0.0,0.0,0.0,0.0,0.0,0.0,1.9429209232330322,0.0,5.817963123321533,4.8744683265686035,3.514944314956665,0.0,0.0,0.0,0.0
755,755,0.0,0.0,0.0,0.0,0.0,0.0,0.0,0.0,0.0,0.0,0.0,0.0,0.0,0.0,0.0,0.0,0.0,1.9482840299606323,0.0,5.829960346221924,4.8552021980285645,3.508740186691284,0.0,0.0,0.0,0.0
756,756,0.0,0.0,0.0,0.0,0.0,0.0,0.0,0.0,0.0,0.0,0.0,0.0,0.0,0.0,0.0,0.0,0.0,1.9535263776779175,0.0,5.841869831085205,4.835029602050781,3.502316474914551,0.0,0.0,0.0,0.0
757,757,0.0,0.0,0.0,0.0,0.0,0.0,0.0,0.0,0.0,0.0,0.0,0.0,0.0,0.0,0.0,0.0,0.0,1.9586516618728638,0.0,5.853688716888428,4.813902378082275,3.495662212371826,0.0,0.0,0.0,0.0
758,758,0.0,0.0,0.0,0.0,0.0,0.0,0.0,0.0,0.0,0.0,0.0,0.0,0.0,0.0,0.0,0.0,0.0,1.9636635780334473,0.0,5.865415573120117,4.791771411895752,3.488765001296997,0.0,0.0,0.0,0.0
759,759,0.0,0.0,0.0,0.0,0.0,0.0,0.0,0.0,0.0,0.0,0.0,0.0,0.0,0.0,0.0,0.0,0.0,1.968565583229065,0.0,5.877048015594482,4.7685866355896,3.48161244392395,0.0,0.0,0.0,0.0
760,760,0.0,0.0,0.0,0.0,0.0,0.0,0.0,0.0,0.0,0.0,0.0,0.0,0.0,0.0,0.0,0.0,0.0,1.9733611345291138,0.0,5.888584136962891,4.744298458099365,3.4741907119750977,0.0,0.0,0.0,0.0
761,761,0.0,0.0,0.0,0.0,0.0,0.0,0.0,0.0,0.0,0.0,0.0,0.0,0.0,0.0,0.0,0.0,0.0,1.9780534505844116,0.0,5.900022029876709,4.7188568115234375,3.4664855003356934,0.0,0.0,0.0,0.0
762,762,0.0,0.0,0.0,0.0,0.0,0.0,0.0,0.0,0.0,0.0,0.0,0.0,0.0,0.0,0.0,0.0,0.0,1.9826457500457764,0.0,5.911360263824463,4.69221305847168,3.4584808349609375,0.0,0.0,0.0,0.0
763,763,0.0,0.0,0.0,0.0,0.0,0.0,0.0,0.0,0.0,0.0,0.0,0.0,0.0,0.0,0.0,0.0,0.0,0.0,0.0,5.922597408294678,4.664321422576904,3.450160503387451,0.0,0.0,0.0,0.0
764,764,0.0,0.0,0.0,0.0,0.0,0.0,0.0,0.0,0.0,0.0,0.0,0.0,0.0,0.0,0.0,0.0,0.0,0.0,0.0,5.933731555938721,4.635138511657715,3.4415066242218018,0.0,0.0,0.0,0.0
765,765,0.0,0.0,0.0,0.0,0.0,0.0,0.0,0.0,0.0,0.0,0.0,0.0,0.0,0.0,0.0,0.0,0.0,0.0,0.0,5.944761753082275,4.604626178741455,3.432500123977661,0.0,0.0,0.0,0.0
766,766,0.0,0.0,0.0,0.0,0.0,0.0,0.0,0.0,0.0,0.0,0.0,0.0,0.0,0.0,0.0,0.0,0.0,0.0,0.0,5.955687046051025,4.572752475738525,3.4231207370758057,0.0,0.0,0.0,0.0
767,767,0.0,0.0,0.0,0.0,0.0,0.0,0.0,0.0,0.0,0.0,0.0,0.0,0.0,0.0,0.0,0.0,0.0,0.0,0.0,5.966506004333496,4.539493083953857,3.413346767425537,0.0,0.0,0.0,0.0
768,768,0.0,0.0,0.0,0.0,0.0,0.0,0.0,0.0,0.0,0.0,0.0,0.0,0.0,0.0,0.0,0.0,0.0,0.0,0.0,5.977218151092529,4.504835605621338,3.4031543731689453,0.0,0.0,0.0,0.0
769,769,0.0,0.0,0.0,0.0,0.0,0.0,0.0,0.0,0.0,0.0,0.0,0.0,0.0,0.0,0.0,0.0,0.0,0.0,0.0,5.987822532653809,4.468777656555176,3.392518997192383,0.0,0.0,0.0,0.0
770,770,0.0,0.0,0.0,0.0,0.0,0.0,0.0,0.0,0.0,0.0,0.0,0.0,0.0,0.0,0.0,0.0,0.0,0.0,0.0,5.998318672180176,4.431333065032959,3.381413698196411,0.0,0.0,0.0,0.0
771,771,0.0,0.0,0.0,0.0,0.0,0.0,0.0,0.0,0.0,0.0,0.0,0.0,0.0,0.0,0.0,0.0,0.0,0.0,0.0,0.0,4.392531394958496,3.36980938911438,0.0,0.0,0.0,0.0
772,772,0.0,0.0,0.0,0.0,0.0,0.0,0.0,0.0,0.0,0.0,0.0,0.0,0.0,0.0,0.0,0.0,0.0,0.0,0.0,0.0,4.352420806884766,3.357675313949585,0.0,0.0,0.0,0.0
773,773,0.0,0.0,0.0,0.0,0.0,0.0,0.0,0.0,0.0,0.0,0.0,0.0,0.0,0.0,0.0,0.0,0.0,0.0,0.0,0.0,4.311069965362549,3.3449783325195312,0.0,0.0,0.0,0.0
774,774,0.0,0.0,0.0,0.0,0.0,0.0,0.0,0.0,0.0,0.0,0.0,0.0,0.0,0.0,0.0,0.0,0.0,0.0,0.0,0.0,4.268568515777588,3.3316829204559326,0.0,0.0,0.0,0.0
775,775,0.0,0.0,0.0,0.0,0.0,0.0,0.0,0.0,0.0,0.0,0.0,0.0,0.0,0.0,0.0,0.0,0.0,0.0,0.0,0.0,4.225027561187744,3.3177504539489746,0.0,0.0,0.0,0.0
776,776,0.0,0.0,0.0,0.0,0.0,0.0,0.0,0.0,0.0,0.0,0.0,0.0,0.0,0.0,0.0,0.0,0.0,0.0,0.0,0.0,4.18057918548584,3.303140640258789,0.0,0.0,0.0,0.0
777,777,0.0,0.0,0.0,0.0,0.0,0.0,0.0,0.0,0.0,0.0,0.0,0.0,0.0,0.0,0.0,0.0,0.0,0.0,0.0,0.0,4.1353759765625,3.287809133529663,0.0,0.0,0.0,0.0
778,778,0.0,0.0,0.0,0.0,0.0,0.0,0.0,0.0,0.0,0.0,0.0,0.0,0.0,0.0,0.0,0.0,0.0,0.0,0.0,0.0,4.089588165283203,3.271709442138672,0.0,0.0,0.0,0.0
779,779,0.0,0.0,0.0,0.0,0.0,0.0,0.0,0.0,0.0,0.0,0.0,0.0,0.0,0.0,0.0,0.0,0.0,0.0,0.0,0.0,4.043398380279541,3.254791498184204,0.0,0.0,0.0,0.0
780,780,0.0,0.0,0.0,0.0,0.0,0.0,0.0,0.0,0.0,0.0,0.0,0.0,0.0,0.0,0.0,0.0,0.0,0.0,0.0,0.0,3.997001886367798,3.237001657485962,0.0,0.0,0.0,0.0
781,781,0.0,0.0,0.0,0.0,0.0,0.0,0.0,0.0,0.0,0.0,0.0,0.0,0.0,0.0,0.0,0.0,0.0,0.0,0.0,0.0,3.950597047805786,3.218283176422119,0.0,0.0,0.0,0.0
782,782,0.0,0.0,0.0,0.0,0.0,0.0,0.0,0.0,0.0,0.0,0.0,0.0,0.0,0.0,0.0,0.0,0.0,0.0,0.0,0.0,3.904383659362793,3.198575735092163,0.0,0.0,0.0,0.0
783,783,0.0,0.0,0.0,0.0,0.0,0.0,0.0,0.0,0.0,0.0,0.0,0.0,0.0,0.0,0.0,0.0,0.0,0.0,0.0,0.0,3.858556032180786,3.1778156757354736,0.0,0.0,0.0,0.0
784,784,0.0,0.0,0.0,0.0,0.0,0.0,0.0,0.0,0.0,0.0,0.0,0.0,0.0,0.0,0.0,0.0,0.0,0.0,0.0,0.0,3.8132991790771484,3.1559362411499023,0.0,0.0,0.0,0.0
785,785,0.0,0.0,0.0,0.0,0.0,0.0,0.0,0.0,0.0,0.0,0.0,0.0,0.0,0.0,0.0,0.0,0.0,0.0,0.0,0.0,3.7687838077545166,3.132866859436035,0.0,0.0,0.0,0.0
786,786,0.0,0.0,0.0,0.0,0.0,0.0,0.0,0.0,0.0,0.0,0.0,0.0,0.0,0.0,0.0,0.0,0.0,0.0,0.0,0.0,3.7251641750335693,3.108534812927246,0.0,0.0,0.0,0.0
787,787,0.0,0.0,0.0,0.0,0.0,0.0,0.0,0.0,0.0,0.0,0.0,0.0,0.0,0.0,0.0,0.0,0.0,0.0,0.0,0.0,3.6825740337371826,3.0828652381896973,0.0,0.0,0.0,0.0
788,788,0.0,0.0,0.0,0.0,0.0,0.0,0.0,0.0,0.0,0.0,0.0,0.0,0.0,0.0,0.0,0.0,0.0,0.0,0.0,0.0,3.6411266326904297,3.055781602859497,0.0,0.0,0.0,0.0
789,789,0.0,0.0,0.0,0.0,0.0,0.0,0.0,0.0,0.0,0.0,0.0,0.0,0.0,0.0,0.0,0.0,0.0,0.0,0.0,0.0,3.6009128093719482,3.027207136154175,0.0,0.0,0.0,0.0
790,790,0.0,0.0,0.0,0.0,0.0,0.0,0.0,0.0,0.0,0.0,0.0,0.0,0.0,0.0,0.0,0.0,0.0,0.0,0.0,0.0,3.5620031356811523,2.9970662593841553,0.0,0.0,0.0,0.0
791,791,0.0,0.0,0.0,0.0,0.0,0.0,0.0,0.0,0.0,0.0,0.0,0.0,0.0,0.0,0.0,0.0,0.0,0.0,0.0,0.0,3.524447202682495,2.9652862548828125,0.0,0.0,0.0,0.0
792,792,0.0,0.0,0.0,0.0,0.0,0.0,0.0,0.0,0.0,0.0,0.0,0.0,0.0,0.0,0.0,0.0,0.0,0.0,0.0,0.0,3.488276243209839,2.93179988861084,0.0,0.0,0.0,0.0
793,793,0.0,0.0,0.0,0.0,0.0,0.0,0.0,0.0,0.0,0.0,0.0,0.0,0.0,0.0,0.0,0.0,0.0,0.0,0.0,0.0,3.4535045623779297,2.896547317504883,0.0,0.0,0.0,0.0
794,794,0.0,0.0,0.0,0.0,0.0,0.0,0.0,0.0,0.0,0.0,0.0,0.0,0.0,0.0,0.0,0.0,0.0,0.0,0.0,0.0,3.4201323986053467,2.859480381011963,0.0,0.0,0.0,0.0
795,795,0.0,0.0,0.0,0.0,0.0,0.0,0.0,0.0,0.0,0.0,0.0,0.0,0.0,0.0,0.0,0.0,0.0,0.0,0.0,0.0,3.3881466388702393,2.8205654621124268,0.0,0.0,0.0,0.0
796,796,0.0,0.0,0.0,0.0,0.0,0.0,0.0,0.0,0.0,0.0,0.0,0.0,0.0,0.0,0.0,0.0,0.0,0.0,0.0,0.0,3.3575246334075928,2.77978777885437,0.0,0.0,0.0,0.0
797,797,0.0,0.0,0.0,0.0,0.0,0.0,0.0,0.0,0.0,0.0,0.0,0.0,0.0,0.0,0.0,0.0,0.0,0.0,0.0,0.0,3.328234910964966,2.737156629562378,0.0,0.0,0.0,0.0
798,798,0.0,0.0,0.0,0.0,0.0,0.0,0.0,0.0,0.0,0.0,0.0,0.0,0.0,0.0,0.0,0.0,0.0,0.0,0.0,0.0,3.3002395629882812,2.6927082538604736,0.0,0.0,0.0,0.0
799,799,0.0,0.0,0.0,0.0,0.0,0.0,0.0,0.0,0.0,0.0,0.0,0.0,0.0,0.0,0.0,0.0,0.0,0.0,0.0,0.0,3.273496150970459,2.6465110778808594,0.0,0.0,0.0,0.0
800,800,0.0,0.0,0.0,0.0,0.0,0.0,0.0,0.0,0.0,0.0,0.0,0.0,0.0,0.0,0.0,0.0,0.0,0.0,0.0,0.0,3.247958183288574,2.5986690521240234,0.0,0.0,0.0,0.0
801,801,0.0,0.0,0.0,0.0,0.0,0.0,0.0,0.0,0.0,0.0,0.0,0.0,0.0,0.0,0.0,0.0,0.0,0.0,0.0,0.0,3.2235774993896484,2.5493228435516357,0.0,0.0,0.0,0.0
802,802,0.0,0.0,0.0,0.0,0.0,0.0,0.0,0.0,0.0,0.0,0.0,0.0,0.0,0.0,0.0,0.0,0.0,0.0,0.0,0.0,3.2003042697906494,2.4986519813537598,0.0,0.0,0.0,0.0
803,803,0.0,0.0,0.0,0.0,0.0,0.0,0.0,0.0,0.0,0.0,0.0,0.0,0.0,0.0,0.0,0.0,0.0,0.0,0.0,0.0,3.178088665008545,2.4468724727630615,0.0,0.0,0.0,0.0
804,804,0.0,0.0,0.0,0.0,0.0,0.0,0.0,0.0,0.0,0.0,0.0,0.0,0.0,0.0,0.0,0.0,0.0,0.0,0.0,0.0,3.1568806171417236,2.394233226776123,0.0,0.0,0.0,0.0
805,805,0.0,0.0,0.0,0.0,0.0,0.0,0.0,0.0,0.0,0.0,0.0,0.0,0.0,0.0,0.0,0.0,0.0,0.0,0.0,0.0,3.1366312503814697,2.3410110473632812,0.0,0.0,0.0,0.0
806,806,0.0,0.0,0.0,0.0,0.0,0.0,0.0,0.0,0.0,0.0,0.0,0.0,0.0,0.0,0.0,0.0,0.0,0.0,0.0,0.0,3.117292642593384,2.287501335144043,0.0,0.0,0.0,0.0
807,807,0.0,0.0,0.0,0.0,0.0,0.0,0.0,0.0,0.0,0.0,0.0,0.0,0.0,0.0,0.0,0.0,0.0,0.0,0.0,0.0,3.098818302154541,2.2340095043182373,0.0,0.0,0.0,0.0
808,808,0.0,0.0,0.0,0.0,0.0,0.0,0.0,0.0,0.0,0.0,0.0,0.0,0.0,0.0,0.0,0.0,0.0,0.0,0.0,0.0,3.0811634063720703,2.180840015411377,0.0,0.0,0.0,0.0
809,809,0.0,0.0,0.0,0.0,0.0,0.0,0.0,0.0,0.0,0.0,0.0,0.0,0.0,0.0,0.0,0.0,0.0,0.0,0.0,0.0,3.0642850399017334,2.1282870769500732,0.0,0.0,0.0,0.0
810,810,0.0,0.0,0.0,0.0,0.0,0.0,0.0,0.0,0.0,0.0,0.0,0.0,0.0,0.0,0.0,0.0,0.0,0.0,0.0,0.0,3.048142433166504,2.0766241550445557,0.0,0.0,0.0,0.0
811,811,0.0,0.0,0.0,0.0,0.0,0.0,0.0,0.0,0.0,0.0,0.0,0.0,0.0,0.0,0.0,0.0,0.0,0.0,0.0,0.0,3.032696485519409,2.026096820831299,0.2190147489309311,0.0,0.0,0.0
812,812,0.0,0.0,0.0,0.0,0.0,0.0,0.0,0.0,0.0,0.0,0.0,0.0,0.0,0.0,0.0,0.0,0.0,0.0,0.0,0.0,3.0179097652435303,1.9769169092178345,0.22910454869270325,0.0,0.0,0.0
813,813,0.0,0.0,0.0,0.0,0.0,0.0,0.0,0.0,0.0,0.0,0.0,0.0,0.0,0.0,0.0,0.0,0.0,0.0,0.0,0.0,3.0037474632263184,1.9292594194412231,0.23931267857551575,0.0,0.0,0.0
814,814,0.0,0.0,0.0,0.0,0.0,0.0,0.0,0.0,0.0,0.0,0.0,0.0,0.0,0.0,0.0,0.0,0.0,0.0,0.0,0.0,2.990176200866699,1.88326096534729,0.2496391236782074,0.0,0.0,0.0
815,815,0.0,0.0,0.0,0.0,0.0,0.0,0.0,0.0,0.0,0.0,0.0,0.0,0.0,0.0,0.0,0.0,0.0,0.0,0.0,0.0,2.9771642684936523,1.8390209674835205,0.26008379459381104,0.0,0.0,0.0
816,816,0.0,0.0,0.0,0.0,0.0,0.0,0.0,0.0,0.0,0.0,0.0,0.0,0.0,0.0,0.0,0.0,0.0,0.0,0.0,0.0,2.9646823406219482,1.796604037284851,0.27064645290374756,0.0,0.0,0.0
817,817,0.0,0.0,0.0,0.0,0.0,0.0,0.0,0.0,0.0,0.0,0.0,0.0,0.0,0.0,0.0,0.0,0.0,0.0,0.0,0.0,2.952702283859253,1.7560431957244873,0.2813268005847931,0.0,0.0,0.0
818,818,0.0,0.0,0.0,0.0,0.0,0.0,0.0,0.0,0.0,0.0,0.0,0.0,0.0,0.0,0.0,0.0,0.0,0.0,0.0,0.0,2.9411978721618652,1.7173444032669067,0.29212436079978943,0.0,0.0,0.0
819,819,0.0,0.0,0.0,0.0,0.0,0.0,0.0,0.0,0.0,0.0,0.0,0.0,0.0,0.0,0.0,0.0,0.0,0.0,0.0,0.0,2.9301440715789795,1.6804906129837036,0.303038626909256,0.0,0.0,0.0
820,820,0.0,0.0,0.0,0.0,0.0,0.0,0.0,0.0,0.0,0.0,0.0,0.0,0.0,0.0,0.0,0.0,0.0,0.0,0.0,0.0,2.9195175170898438,1.645446538925171,0.31406888365745544,0.0,0.0,0.0
821,821,0.0,0.0,0.0,0.0,0.0,0.0,0.0,0.0,0.0,0.0,0.0,0.0,0.0,0.0,0.0,0.0,0.0,0.0,0.0,0.0,2.909296751022339,1.6121621131896973,0.32521432638168335,0.0,0.0,0.0
822,822,0.0,0.0,0.0,0.0,0.0,0.0,0.0,0.0,0.0,0.0,0.0,0.0,0.0,0.0,0.0,0.0,0.0,0.0,0.0,0.0,2.8994603157043457,1.5805768966674805,0.33647406101226807,0.0,0.0,0.0
823,823,0.0,0.0,0.0,0.0,0.0,0.0,0.0,0.0,0.0,0.0,0.0,0.0,0.0,0.0,0.0,0.0,0.0,0.0,0.0,0.0,2.8899893760681152,1.550622582435608,0.34784698486328125,0.0,0.0,0.0
824,824,0.0,0.0,0.0,0.0,0.0,0.0,0.0,0.0,0.0,0.0,0.0,0.0,0.0,0.0,0.0,0.0,0.0,0.0,0.0,0.0,2.8808653354644775,1.522226095199585,0.359331876039505,0.0,0.0,0.0
825,825,0.0,0.0,0.0,0.0,0.0,0.0,0.0,0.0,0.0,0.0,0.0,0.0,0.0,0.0,0.0,0.0,0.0,0.0,0.0,0.0,2.8720712661743164,1.4953114986419678,0.37092745304107666,4.336570739746094,0.0,0.0
826,826,0.0,0.0,0.0,0.0,0.0,0.0,0.0,0.0,0.0,0.0,0.0,0.0,0.0,0.0,0.0,0.0,0.0,0.0,0.0,0.0,2.8635904788970947,1.4698022603988647,0.38263219594955444,4.3415069580078125,0.0,0.0
827,827,0.0,0.0,0.0,0.0,0.0,0.0,0.0,0.0,0.0,0.0,0.0,0.0,0.0,0.0,0.0,0.0,0.0,0.0,0.0,0.0,2.855408191680908,1.4456218481063843,0.39444443583488464,4.346549034118652,0.0,0.0
828,828,0.0,0.0,0.0,0.0,0.0,0.0,0.0,0.0,0.0,0.0,0.0,0.0,0.0,0.0,0.0,0.0,0.0,0.0,0.0,0.0,2.8475096225738525,1.4226956367492676,0.4063624441623688,4.3516998291015625,0.0,0.0
829,829,0.0,0.0,0.0,0.0,0.0,0.0,0.0,0.0,0.0,0.0,0.0,0.0,0.0,0.0,0.0,0.0,0.0,0.0,0.0,0.0,2.839881420135498,1.4009509086608887,0.41838425397872925,4.35696268081665,0.0,0.0
830,830,0.0,0.0,0.0,0.0,0.0,0.0,0.0,0.0,0.0,0.0,0.0,0.0,0.0,0.0,0.0,0.0,0.0,0.0,0.0,0.0,2.8325109481811523,1.3803179264068604,0.4305077791213989,4.362341403961182,0.0,0.0
831,831,0.0,0.0,0.0,0.0,0.0,0.0,0.0,0.0,0.0,0.0,0.0,0.0,0.0,0.0,0.0,0.0,0.0,0.0,0.0,0.0,2.8253860473632812,1.3607300519943237,0.44273078441619873,4.3678388595581055,0.0,0.0
832,832,0.0,0.0,0.0,0.0,0.0,0.0,0.0,0.0,0.0,0.0,0.0,0.0,0.0,0.0,0.0,0.0,0.0,0.0,0.0,0.0,2.818495512008667,1.3421239852905273,0.45505085587501526,4.373459815979004,0.0,0.0
833,833,0.0,0.0,0.0,0.0,0.0,0.0,0.0,0.0,0.0,0.0,0.0,0.0,0.0,0.0,0.0,0.0,0.0,0.0,0.0,0.0,2.811828374862671,1.3244398832321167,0.46746546030044556,4.379206657409668,0.0,0.0
834,834,0.0,0.0,0.0,0.0,0.0,0.0,0.0,0.0,0.0,0.0,0.0,0.0,0.0,0.0,0.0,0.0,0.0,0.0,0.0,0.0,2.80537486076355,1.3076212406158447,0.47997191548347473,4.385084629058838,0.0,0.0
835,835,0.0,0.0,0.0,0.0,0.0,0.0,0.0,0.0,0.0,0.0,0.0,0.0,0.0,0.0,0.0,0.0,0.0,0.0,0.0,0.0,2.7991251945495605,1.2916150093078613,0.4925673007965088,4.391097545623779,0.0,0.0
836,836,0.0,0.0,0.0,0.0,0.0,0.0,0.0,0.0,0.0,0.0,0.0,0.0,0.0,0.0,0.0,0.0,0.0,0.0,0.0,0.0,2.7930703163146973,1.276371717453003,0.5052486062049866,4.397249698638916,0.0,0.0
837,837,0.0,0.0,0.0,0.0,0.0,0.0,0.0,0.0,0.0,0.0,0.0,0.0,0.0,0.0,0.0,0.0,0.0,0.0,0.0,0.0,2.7872021198272705,1.261844515800476,0.5180127620697021,4.403545379638672,0.0,0.0
838,838,0.0,0.0,0.0,0.0,0.0,0.0,0.0,0.0,0.0,0.0,0.0,0.0,0.0,0.0,0.0,0.0,0.0,0.0,0.0,0.0,2.7815122604370117,1.2479902505874634,0.5308563113212585,4.409988880157471,0.0,0.0
839,839,0.0,0.0,0.0,0.0,0.0,0.0,0.0,0.0,0.0,0.0,0.0,0.0,0.0,0.0,0.0,0.0,0.0,0.0,0.0,0.0,2.7759928703308105,1.234768271446228,0.5437759160995483,4.416585445404053,0.0,0.0
840,840,0.0,0.0,0.0,0.0,0.0,0.0,0.0,0.0,0.0,0.0,0.0,0.0,0.0,0.0,0.0,0.0,0.0,0.0,0.0,0.0,2.770637273788452,1.2221405506134033,0.5567679405212402,4.423340320587158,4.454731464385986,0.0
841,841,0.0,0.0,0.0,0.0,0.0,0.0,0.0,0.0,0.0,0.0,0.0,0.0,0.0,0.0,0.0,0.0,0.0,0.0,0.0,0.0,2.7654383182525635,1.2100719213485718,0.5698286294937134,4.430258274078369,4.44394588470459,0.0
842,842,0.0,0.0,0.0,0.0,0.0,0.0,0.0,0.0,0.0,0.0,0.0,0.0,0.0,0.0,0.0,0.0,0.0,0.0,0.0,0.0,2.760389566421509,1.1985294818878174,0.5829541087150574,4.437344551086426,4.433060646057129,0.0
843,843,0.0,0.0,0.0,0.0,0.0,0.0,0.0,0.0,0.0,0.0,0.0,0.0,0.0,0.0,0.0,0.0,0.0,0.0,0.0,0.0,2.7554848194122314,1.187482476234436,0.596140444278717,4.444604873657227,4.42207670211792,0.0
844,844,0.0,0.0,0.0,0.0,0.0,0.0,0.0,0.0,0.0,0.0,0.0,0.0,0.0,0.0,0.0,0.0,0.0,0.0,0.0,0.0,2.750718355178833,1.176902413368225,0.6093834042549133,4.452045440673828,4.410995960235596,0.0
845,845,0.0,0.0,0.0,0.0,0.0,0.0,0.0,0.0,0.0,0.0,0.0,0.0,0.0,0.0,0.0,0.0,0.0,0.0,0.0,0.0,2.746084690093994,1.1667625904083252,0.6226788759231567,4.4596710205078125,4.399819374084473,0.0
846,846,0.0,0.0,0.0,0.0,0.0,0.0,0.0,0.0,0.0,0.0,0.0,0.0,0.0,0.0,0.0,0.0,0.0,0.0,0.0,0.0,2.7415785789489746,1.1570380926132202,0.6360224485397339,4.467489242553711,4.388548374176025,0.0
847,847,0.0,0.0,0.0,0.0,0.0,0.0,0.0,0.0,0.0,0.0,0.0,0.0,0.0,0.0,0.0,0.0,0.0,0.0,0.0,0.0,2.7371950149536133,1.1477056741714478,0.6494097113609314,4.475505352020264,4.377185344696045,0.0
848,848,0.0,0.0,0.0,0.0,0.0,0.0,0.0,0.0,0.0,0.0,0.0,0.0,0.0,0.0,0.0,0.0,0.0,0.0,0.0,0.0,2.732928991317749,1.1387439966201782,0.6628360748291016,4.483726978302002,4.365731716156006,0.0
849,849,0.0,0.0,0.0,0.0,0.0,0.0,0.0,0.0,0.0,0.0,0.0,0.0,0.0,0.0,0.0,0.0,0.0,0.0,0.0,0.0,2.728776454925537,1.1301325559616089,0.6762970089912415,4.492160320281982,4.354189395904541,0.0
850,850,0.0,0.0,0.0,0.0,0.0,0.0,0.0,0.0,0.0,0.0,0.0,0.0,0.0,0.0,0.0,0.0,0.0,0.0,0.0,0.0,2.7247326374053955,1.1218527555465698,0.6897878050804138,4.500812530517578,4.342560291290283,0.0
851,851,0.0,0.0,0.0,0.0,0.0,0.0,0.0,0.0,0.0,0.0,0.0,0.0,0.0,0.0,0.0,0.0,0.0,0.0,0.0,0.0,2.7207939624786377,1.1138867139816284,0.7033036947250366,4.50969123840332,4.330847263336182,0.0
852,852,0.0,0.0,0.0,0.0,0.0,0.0,0.0,0.0,0.0,0.0,0.0,0.0,0.0,0.0,0.0,0.0,0.0,0.0,0.0,0.0,2.71695613861084,1.1062180995941162,0.7168399095535278,4.51880407333374,4.319052219390869,0.0
853,853,0.0,0.0,0.0,0.0,0.0,0.0,0.0,0.0,0.0,0.0,0.0,0.0,0.0,0.0,0.0,0.0,0.0,0.0,0.0,0.0,2.7132158279418945,1.0988315343856812,0.7303915023803711,4.528158664703369,4.307177543640137,0.0
854,854,0.0,0.0,0.0,0.0,0.0,0.0,0.0,0.0,0.0,0.0,0.0,0.0,0.0,0.0,0.0,0.0,0.0,0.0,0.0,0.0,2.709568977355957,1.091712474822998,0.7439537048339844,4.537763595581055,4.295225620269775,0.0
855,855,0.0,0.0,0.0,0.0,0.0,0.0,0.0,0.0,0.0,0.0,0.0,0.0,0.0,0.0,0.0,0.0,0.0,0.0,0.0,0.0,2.706012725830078,1.0848474502563477,0.7575215697288513,4.547626495361328,4.283200263977051,0.0
856,856,0.0,0.0,0.0,0.0,0.0,0.0,0.0,0.0,0.0,0.0,0.0,0.0,0.0,0.0,0.0,0.0,0.0,0.0,0.0,0.0,2.7025437355041504,1.078223705291748,0.7710902094841003,4.5577569007873535,4.2711029052734375,0.0
857,857,0.0,0.0,0.0,0.0,0.0,0.0,0.0,0.0,0.0,0.0,0.0,0.0,0.0,0.0,0.0,0.0,0.0,0.0,0.0,0.0,2.6991586685180664,1.0718295574188232,0.7846546173095703,4.5681633949279785,4.258937358856201,0.0
858,858,0.0,0.0,0.0,0.0,0.0,0.0,0.0,0.0,0.0,0.0,0.0,0.0,0.0,0.0,0.0,0.0,0.0,0.0,0.0,0.0,2.695855140686035,1.065653681755066,0.7982099652290344,4.578855037689209,4.246706008911133,0.0
859,859,0.0,0.0,0.0,0.0,0.0,0.0,0.0,0.0,0.0,0.0,0.0,0.0,0.0,0.0,0.0,0.0,0.0,0.0,0.0,0.0,2.692629814147949,1.0596855878829956,0.8117513060569763,4.589840888977051,4.234412670135498,0.0
860,860,0.0,0.0,0.0,0.0,0.0,0.0,0.0,0.0,0.0,0.0,0.0,0.0,0.0,0.0,0.0,0.0,0.0,0.0,0.0,0.0,2.6894800662994385,1.0539155006408691,0.825273871421814,4.601131439208984,4.222060203552246,0.0
861,861,0.0,0.0,0.0,0.0,0.0,0.0,0.0,0.0,0.0,0.0,0.0,0.0,0.0,0.0,0.0,0.0,0.0,0.0,0.0,0.0,2.686403751373291,1.0483341217041016,0.8387727737426758,4.612736225128174,4.209652423858643,0.0
862,862,0.0,0.0,0.0,0.0,0.0,0.0,0.0,0.0,0.0,0.0,0.0,0.0,0.0,0.0,0.0,0.0,0.0,0.0,0.0,0.0,2.6833980083465576,1.0429326295852661,0.852243185043335,4.6246657371521,4.197192192077637,0.0
863,863,0.0,0.0,0.0,0.0,0.0,0.0,0.0,0.0,0.0,0.0,0.0,0.0,0.0,0.0,0.0,0.0,0.0,0.0,0.0,0.0,0.0,1.037703037261963,0.8656805157661438,4.636929512023926,4.184683799743652,0.0
864,864,0.0,0.0,0.0,0.0,0.0,0.0,0.0,0.0,0.0,0.0,0.0,0.0,0.0,0.0,0.0,0.0,0.0,0.0,0.0,0.0,0.0,1.0326374769210815,0.879080057144165,4.649538516998291,4.172130107879639,0.0
865,865,0.0,0.0,0.0,0.0,0.0,0.0,0.0,0.0,0.0,0.0,0.0,0.0,0.0,0.0,0.0,0.0,0.0,0.0,0.0,0.0,0.0,1.0277286767959595,0.8924373388290405,4.662504196166992,4.159535884857178,0.0
866,866,0.0,0.0,0.0,0.0,0.0,0.0,0.0,0.0,0.0,0.0,0.0,0.0,0.0,0.0,0.0,0.0,0.0,0.0,0.0,0.0,0.0,1.0229697227478027,0.9057477712631226,4.675836086273193,4.1469035148620605,0.0
867,867,0.0,0.0,0.0,0.0,0.0,0.0,0.0,0.0,0.0,0.0,0.0,0.0,0.0,0.0,0.0,0.0,0.0,0.0,0.0,0.0,0.0,1.0183541774749756,0.9190070033073425,4.68954610824585,4.134238243103027,0.0
868,868,0.0,0.0,0.0,0.0,0.0,0.0,0.0,0.0,0.0,0.0,0.0,0.0,0.0,0.0,0.0,0.0,0.0,0.0,0.0,0.0,0.0,1.0138757228851318,0.9322108626365662,4.7036452293396,4.1215434074401855,0.0
869,869,0.0,0.0,0.0,0.0,0.0,0.0,0.0,0.0,0.0,0.0,0.0,0.0,0.0,0.0,0.0,0.0,0.0,0.0,0.0,0.0,0.0,1.0095287561416626,0.9453551173210144,4.718143939971924,4.108822822570801,0.0
870,870,0.0,0.0,0.0,0.0,0.0,0.0,0.0,0.0,0.0,0.0,0.0,0.0,0.0,0.0,0.0,0.0,0.0,0.0,0.0,0.0,0.0,1.005307674407959,0.9584357738494873,4.733053684234619,4.096081256866455,0.0
871,871,0.0,0.0,0.0,0.0,0.0,0.0,0.0,0.0,0.0,0.0,0.0,0.0,0.0,0.0,0.0,0.0,0.0,0.0,0.0,0.0,0.0,1.0012073516845703,0.9714488983154297,4.748385429382324,4.083322048187256,0.0
872,872,0.0,0.0,0.0,0.0,0.0,0.0,0.0,0.0,0.0,0.0,0.0,0.0,0.0,0.0,0.0,0.0,0.0,0.0,0.0,0.0,0.0,0.9972227215766907,0.9843906760215759,4.7641496658325195,4.070549488067627,5.776919364929199
873,873,0.0,0.0,0.0,0.0,0.0,0.0,0.0,0.0,0.0,0.0,0.0,0.0,0.0,0.0,0.0,0.0,0.0,0.0,0.0,0.0,0.0,0.9933491945266724,0.9972574710845947,4.780357360839844,4.057767868041992,5.779957294464111
874,874,0.0,0.0,0.0,0.0,0.0,0.0,0.0,0.0,0.0,0.0,0.0,0.0,0.0,0.0,0.0,0.0,0.0,0.0,0.0,0.0,0.0,0.9895824193954468,1.0100458860397339,4.797018527984619,4.044981479644775,5.783064842224121
875,875,0.0,0.0,0.0,0.0,0.0,0.0,0.0,0.0,0.0,0.0,0.0,0.0,0.0,0.0,0.0,0.0,0.0,0.0,0.0,0.0,0.0,0.9859180450439453,1.0227524042129517,4.814143180847168,4.0321946144104,5.786243438720703
876,876,0.0,0.0,0.0,0.0,0.0,0.0,0.0,0.0,0.0,0.0,0.0,0.0,0.0,0.0,0.0,0.0,0.0,0.0,0.0,0.0,0.0,0.9823521971702576,1.0353739261627197,4.831739902496338,4.019411087036133,5.789496421813965
877,877,0.0,0.0,0.0,0.0,0.0,0.0,0.0,0.0,0.0,0.0,0.0,0.0,0.0,0.0,0.0,0.0,0.0,0.0,0.0,0.0,0.0,0.9788810610771179,1.0479074716567993,4.849818229675293,4.0066351890563965,5.792826175689697
878,878,0.0,0.0,0.0,0.0,0.0,0.0,0.0,0.0,0.0,0.0,0.0,0.0,0.0,0.0,0.0,0.0,0.0,0.0,0.0,0.0,0.0,0.9755009412765503,1.0603498220443726,4.868385314941406,3.9938714504241943,5.796235084533691
879,879,0.0,0.0,0.0,0.0,0.0,0.0,0.0,0.0,0.0,0.0,0.0,0.0,0.0,0.0,0.0,0.0,0.0,0.0,0.0,0.0,0.0,0.972208559513092,1.0726985931396484,4.887448787689209,3.981123447418213,5.799726486206055
880,880,0.0,0.0,0.0,0.0,0.0,0.0,0.0,0.0,0.0,0.0,0.0,0.0,0.0,0.0,0.0,0.0,0.0,0.0,0.0,0.0,0.0,0.969000518321991,1.0849509239196777,4.907013893127441,3.968395471572876,5.803302764892578
881,881,0.0,0.0,0.0,0.0,0.0,0.0,0.0,0.0,0.0,0.0,0.0,0.0,0.0,0.0,0.0,0.0,0.0,0.0,0.0,0.0,0.0,0.9658737778663635,1.0971044301986694,4.9270853996276855,3.9556918144226074,5.806967735290527
882,882,0.0,0.0,0.0,0.0,0.0,0.0,0.0,0.0,0.0,0.0,0.0,0.0,0.0,0.0,0.0,0.0,0.0,0.0,0.0,0.0,0.0,0.9628254175186157,1.109156847000122,4.947667121887207,3.943016290664673,5.810724258422852
883,883,0.0,0.0,0.0,0.0,0.0,0.0,0.0,0.0,0.0,0.0,0.0,0.0,0.0,0.0,0.0,0.0,0.0,0.0,0.0,0.0,0.0,0.9598525166511536,1.1211061477661133,4.9687604904174805,3.930372953414917,5.814575672149658
884,884,0.0,0.0,0.0,0.0,0.0,0.0,0.0,0.0,0.0,0.0,0.0,0.0,0.0,0.0,0.0,0.0,0.0,0.0,0.0,0.0,0.0,0.9569524526596069,1.1329500675201416,4.990365028381348,3.9177656173706055,5.818526268005371
885,885,0.0,0.0,0.0,0.0,0.0,0.0,0.0,0.0,0.0,0.0,0.0,0.0,0.0,0.0,0.0,0.0,0.0,0.0,0.0,0.0,0.0,0.9541227221488953,1.1446870565414429,5.012479782104492,3.905198097229004,5.822578430175781
886,886,0.0,0.0,0.0,0.0,0.0,0.0,0.0,0.0,0.0,0.0,0.0,0.0,0.0,0.0,0.0,0.0,0.0,0.0,0.0,0.0,0.0,0.9513607621192932,1.1563153266906738,5.03510046005249,3.892674446105957,5.826737403869629
887,887,0.0,0.0,0.0,0.0,0.0,0.0,0.0,0.0,0.0,0.0,0.0,0.0,0.0,0.0,0.0,0.0,0.0,0.0,0.0,0.0,0.0,0.9486642479896545,1.1678333282470703,5.058220863342285,3.8801980018615723,5.83100700378418
888,888,0.0,0.0,0.0,0.0,0.0,0.0,0.0,0.0,0.0,0.0,0.0,0.0,0.0,0.0,0.0,0.0,0.0,0.0,0.0,0.0,0.0,0.9460310339927673,1.1792396306991577,5.081832408905029,3.8677725791931152,5.835391044616699
889,889,0.0,0.0,0.0,0.0,0.0,0.0,0.0,0.0,0.0,0.0,0.0,0.0,0.0,0.0,0.0,0.0,0.0,0.0,0.0,0.0,0.0,0.9434589147567749,1.1905330419540405,5.105923652648926,3.8554015159606934,5.839894771575928
890,890,0.0,0.0,0.0,0.0,0.0,0.0,0.0,0.0,0.0,0.0,0.0,0.0,0.0,0.0,0.0,0.0,0.0,0.0,0.0,0.0,0.0,0.0,1.2017124891281128,5.130481243133545,3.843088388442993,5.844522953033447
891,891,0.0,0.0,0.0,0.0,0.0,0.0,0.0,0.0,0.0,0.0,0.0,0.0,0.0,0.0,0.0,0.0,0.0,0.0,0.0,0.0,0.0,0.0,1.2127768993377686,5.15548849105835,3.830836534500122,5.84928035736084
892,892,0.0,0.0,0.0,0.0,0.0,0.0,0.0,0.0,0.0,0.0,0.0,0.0,0.0,0.0,0.0,0.0,0.0,0.0,0.0,0.0,0.0,0.0,1.2237255573272705,5.180926322937012,3.8186488151550293,5.854172229766846
893,893,0.0,0.0,0.0,0.0,0.0,0.0,0.0,0.0,0.0,0.0,0.0,0.0,0.0,0.0,0.0,0.0,0.0,0.0,0.0,0.0,0.0,0.0,1.2345576286315918,5.206771373748779,3.8065288066864014,5.8592047691345215
894,894,0.0,0.0,0.0,0.0,0.0,0.0,0.0,0.0,0.0,0.0,0.0,0.0,0.0,0.0,0.0,0.0,0.0,0.0,0.0,0.0,0.0,0.0,1.2452725172042847,5.232999324798584,3.7944791316986084,5.864383220672607
895,895,0.0,0.0,0.0,0.0,0.0,0.0,0.0,0.0,0.0,0.0,0.0,0.0,0.0,0.0,0.0,0.0,0.0,0.0,0.0,0.0,0.0,0.0,1.2558698654174805,5.259582042694092,3.7825026512145996,5.869714736938477
896,896,0.0,0.0,0.0,0.0,0.0,0.0,0.0,0.0,0.0,0.0,0.0,0.0,0.0,0.0,0.0,0.0,0.0,0.0,0.0,0.0,0.0,0.0,1.266349196434021,5.2864885330200195,3.770602226257324,5.875204563140869
897,897,0.0,0.0,0.0,0.0,0.0,0.0,0.0,0.0,0.0,0.0,0.0,0.0,0.0,0.0,0.0,0.0,0.0,0.0,0.0,0.0,0.0,0.0,1.2767103910446167,5.313685417175293,3.7587804794311523,5.880861282348633
898,898,0.0,0.0,0.0,0.0,0.0,0.0,0.0,0.0,0.0,0.0,0.0,0.0,0.0,0.0,0.0,0.0,0.0,0.0,0.0,0.0,0.0,0.0,1.2869532108306885,5.341136455535889,3.747040033340454,5.886691093444824
899,899,0.0,0.0,0.0,0.0,0.0,0.0,0.0,0.0,0.0,0.0,0.0,0.0,0.0,0.0,0.0,0.0,0.0,0.0,0.0,0.0,0.0,0.0,1.2970775365829468,5.368804454803467,3.7353830337524414,5.892702102661133
